1 0.48984375 0.09140625 0.9796875 0.0546875
0 0.8796875 0.15234375 0.10703125 0.0453125
0 0.68515625 0.15234375 0.1140625 0.04453125
0 0.48671875 0.1546875 0.10390625 0.04765625
0 0.284375 0.15390625 0.115625 0.04609375
0 0.0494976359375 0.1345430109375 0.0428487 0.1375672046875 0.0428487 0.16377688125 0.0494976359375 0.16680107500000002 0.0805260046875 0.16680107500000002 0.091607565625 0.1718413984375 0.09382387656249999 0.1728494625 0.1004728125 0.16982526874999998 0.087174940625 0.1657930109375 0.09382387656249999 0.1607526875 0.1049054375 0.161760753125 0.10712174999999999 0.16680107500000002 0.13371749375 0.16680107500000002 0.1447990546875 0.161760753125 0.1447990546875 0.1375672046875 0.13815011875 0.1345430109375 0.1292848703125 0.1345430109375 0.115986996875 0.1405913984375 0.07166075625 0.1405913984375 0.058362884375 0.1345430109375 0.0494976359375 0.1345430109375
0 0.8651004734375001 0.2232526875 0.8540189125 0.2202284953125 0.8518026000000001 0.21317204374999998 0.838504728125 0.21317204374999998 0.8362884156250001 0.24845430156249998 0.902777778125 0.2504704296875 0.9138593374999999 0.2514784953125 0.9205082750000001 0.24845430156249998 0.91607565 0.24442204374999998 0.91607565 0.2141801078125 0.900561465625 0.21317204374999998 0.898345153125 0.2202284953125 0.88726359375 0.2232526875 0.8651004734375001 0.2232526875
0 0.6412529546875 0.2222446234375 0.63682033125 0.22627688125 0.63682033125 0.24240591406249998 0.6412529546875 0.246438171875 0.652334515625 0.2514784953125 0.6722813234375 0.2545026875 0.6877955078125 0.255510753125 0.709958628125 0.2514784953125 0.7254728125 0.24240591406249998 0.7254728125 0.22627688125 0.7055260046875 0.215188171875 0.69666075625 0.21317204374999998 0.6656323875 0.21317204374999998 0.6412529546875 0.2222446234375
0 0.4528664296875 0.227284946875 0.4395685578125 0.227284946875 0.42848699687499997 0.23635752656250003 0.4373522453125 0.23837365625 0.4373522453125 0.2504704296875 0.4417848703125 0.252486559375 0.479462175 0.2534946234375 0.4861111109375 0.2504704296875 0.4861111109375 0.24442204374999998 0.49276004687499997 0.24341397812499999 0.494976359375 0.24845430156249998 0.4905437359375 0.2504704296875 0.497192671875 0.2534946234375 0.51049054375 0.2534946234375 0.5171394796875 0.2504704296875 0.51270685625 0.24845430156249998 0.51270685625 0.24240591406249998 0.5393026 0.23434139843750001 0.5393026 0.22627688125 0.5149231671875001 0.21317204374999998 0.497192671875 0.21317204374999998 0.46616430312499996 0.227284946875 0.45729905468750004 0.2252688171875 0.4528664296875 0.227284946875
0 0.2977245859375 0.21115591406249998 0.2799940890625 0.2192204296875 0.26226359375 0.2192204296875 0.2334515359375 0.2282930109375 0.2334515359375 0.24038978437499997 0.246749409375 0.2545026875 0.3287529546875 0.255510753125 0.335401890625 0.252486559375 0.3442671390625 0.23434139843750001 0.339834515625 0.23232526875 0.3309692671875 0.2141801078125 0.32432033125 0.21115591406249998 0.2977245859375 0.21115591406249998
0 0.0890625 0.2328125 0.12734375 0.05078125