1 0.5 0.10546875 0.9484375 0.053125
0 0.12109375 0.16328125 0.10390625 0.04375
0 0.31015625 0.16328125 0.1109375 0.04375
0 0.50234375 0.165625 0.10078125 0.04609375
0 0.6984375 0.16484375 0.11171875 0.04453125
0 0.9321305843750001 0.1494140625 0.9256872859374999 0.146484375 0.9170962203125 0.146484375 0.904209621875 0.15234375 0.8612542953125001 0.15234375 0.848367696875 0.146484375 0.8397766328125 0.146484375 0.8333333328125001 0.1494140625 0.8333333328125001 0.1728515625 0.844072165625 0.177734375 0.8698453609374999 0.177734375 0.8719931265625 0.1728515625 0.8827319593749999 0.171875 0.8891752578125001 0.1767578125 0.876288659375 0.1806640625 0.8827319593749999 0.18359375 0.884879725 0.1826171875 0.89561855625 0.177734375 0.9256872859374999 0.177734375 0.9321305843750001 0.1748046875 0.9321305843750001 0.1494140625
0 0.14604810937499998 0.2294921875 0.135309278125 0.232421875 0.113831615625 0.232421875 0.1030927828125 0.2294921875 0.1009450171875 0.22265625 0.085910653125 0.2236328125 0.085910653125 0.2529296875 0.0816151203125 0.2568359375 0.08805841875 0.259765625 0.0987972515625 0.2587890625 0.163230240625 0.2568359375 0.161082475 0.22265625 0.1481958765625 0.22265625 0.14604810937499998 0.2294921875
0 0.356529209375 0.2353515625 0.3522336765625 0.2314453125 0.328608246875 0.22265625 0.29853951875 0.22265625 0.289948453125 0.224609375 0.27061855625 0.2353515625 0.27061855625 0.2509765625 0.2856529203125 0.259765625 0.30713058437499996 0.263671875 0.3221649484375 0.2626953125 0.3414948453125 0.259765625 0.3522336765625 0.2548828125 0.356529209375 0.2509765625 0.356529209375 0.2353515625
0 0.5476804125 0.236328125 0.5347938140624999 0.236328125 0.53049828125 0.234375 0.5219072171875 0.236328125 0.49183848750000003 0.22265625 0.47465635781250004 0.22265625 0.45103092812499995 0.2353515625 0.45103092812499995 0.2431640625 0.47680412343749995 0.2509765625 0.47680412343749995 0.2568359375 0.47250859062500006 0.2587890625 0.478951890625 0.26171875 0.49183848750000003 0.26171875 0.4982817875 0.2587890625 0.4939862546875 0.2568359375 0.49613402031250003 0.251953125 0.5025773203125 0.2529296875 0.5025773203125 0.2587890625 0.5090206187499999 0.26171875 0.5455326453125 0.2607421875 0.5498281781250001 0.2587890625 0.5498281781250001 0.2470703125 0.55841924375 0.2451171875 0.5476804125 0.236328125
0 0.7023195875 0.228515625 0.6851374578125 0.220703125 0.6593642609375 0.220703125 0.6529209625 0.2236328125 0.644329896875 0.2412109375 0.6400343640624999 0.2431640625 0.6486254296875 0.2607421875 0.655068728125 0.263671875 0.7345360828125 0.2626953125 0.7474226796875 0.2490234375 0.7474226796875 0.2373046875 0.71950171875 0.228515625 0.7023195875 0.228515625
0 0.88671875 0.2421875 0.1234375 0.04921875