1 0.48828125 0.06015625 0.97578125 0.05625
0 0.875 0.12109375 0.109375 0.04609375
0 0.67578125 0.12109375 0.11640625 0.04609375
0 0.47265625 0.12421875 0.10625 0.0484375
0 0.26640625 0.1234375 0.11796875 0.046875
0 0.0264190828125 0.10343406562499999 0.019625603125 0.10652472500000001 0.019625603125 0.1333104390625 0.0264190828125 0.13640109843749998 0.058121981249999996 0.13640109843749998 0.06944444375 0.1415521984375 0.0717089375 0.1425824171875 0.078502415625 0.1394917578125 0.064915459375 0.1353708796875 0.0717089375 0.1302197796875 0.0830314015625 0.13125 0.08529589374999999 0.13640109843749998 0.11246980625 0.13640109843749998 0.1237922703125 0.13125 0.1237922703125 0.10652472500000001 0.1169987921875 0.10343406562499999 0.10794082187500001 0.10343406562499999 0.0943538640625 0.109615384375 0.049064009375 0.109615384375 0.035477053125000005 0.10343406562499999 0.0264190828125 0.10343406562499999
0 0.8597524156249999 0.19409340625 0.8484299515625 0.19100274687500002 0.846165459375 0.183791209375 0.8325785031249999 0.183791209375 0.8303140093750001 0.21984890156249998 0.8982487921875 0.22190934062499998 0.9095712562499999 0.2229395609375 0.916364734375 0.21984890156249998 0.9118357484375 0.215728021875 0.9118357484375 0.184821428125 0.8959843 0.183791209375 0.89371980625 0.19100274687500002 0.8823973437499999 0.19409340625 0.8597524156249999 0.19409340625
0 0.631038646875 0.1930631875 0.6265096625 0.197184065625 0.6265096625 0.2136675828125 0.631038646875 0.21778846093749998 0.6423611109375 0.2229395609375 0.6627415453125 0.22603022031250003 0.6785929953125 0.2270604390625 0.7012379234375 0.2229395609375 0.717089371875 0.2136675828125 0.717089371875 0.197184065625 0.6967089375 0.1858516484375 0.6876509656249999 0.183791209375 0.6559480671875 0.183791209375 0.631038646875 0.1930631875
0 0.4385567640625 0.19821428593749998 0.42496980625 0.19821428593749998 0.41364734375 0.2074862640625 0.4227053140625 0.209546703125 0.4227053140625 0.22190934062499998 0.4272343 0.22396977968749998 0.4657306765625 0.225 0.4725241546875 0.22190934062499998 0.4725241546875 0.215728021875 0.4793176328125 0.21469780156249998 0.48158212499999997 0.21984890156249998 0.477053140625 0.22190934062499998 0.48384661875 0.225 0.49743357499999996 0.225 0.5042270531249999 0.22190934062499998 0.4996980671875 0.21984890156249998 0.4996980671875 0.2136675828125 0.52687198125 0.20542582343750002 0.52687198125 0.197184065625 0.5019625609375 0.183791209375 0.48384661875 0.183791209375 0.4521437203125 0.19821428593749998 0.44308574843750004 0.19615384687499998 0.4385567640625 0.19821428593749998
0 0.2800422703125 0.18173076875 0.261926328125 0.189972528125 0.24381038593749998 0.189972528125 0.21437198125 0.19924450625 0.21437198125 0.2116071421875 0.22795893750000001 0.22603022031250003 0.31174516875 0.2270604390625 0.318538646875 0.22396977968749998 0.32759661875 0.20542582343750002 0.3230676328125 0.20336538437499999 0.3140096625 0.184821428125 0.3072161828125 0.18173076875 0.2800422703125 0.18173076875
0 0.0671875 0.20390625 0.1296875 0.0515625