0 0.33492822968749997 0.3345788046875 0.33941387500000003 0.3305027171875 0.33941387500000003 0.2877038046875 0.3237141140625 0.278532609375 0.2205442578125 0.278532609375 0.204844496875 0.2856657609375 0.20035885156250002 0.291779890625 0.20035885156250002 0.32642662968749997 0.21157296718750002 0.33763587031250003 0.2205442578125 0.3396739125 0.3237141140625 0.3396739125 0.33492822968749997 0.3345788046875
0 0.58163875625 0.3345788046875 0.5861244015625 0.3305027171875 0.5861244015625 0.2877038046875 0.5749102875000001 0.2805706515625 0.48519736875 0.276494565625 0.46276913906250006 0.278532609375 0.4515550234375 0.2836277171875 0.44706937812499997 0.2877038046875 0.44706937812499997 0.3305027171875 0.46276913906250006 0.3396739125 0.5479964109375 0.34171195625 0.570424640625 0.3396739125 0.58163875625 0.3345788046875
0 0.832834928125 0.291779890625 0.8216208140625 0.2805706515625 0.812649521875 0.278532609375 0.709479665625 0.278532609375 0.69826555 0.28158967343749997 0.6937799046875 0.2856657609375 0.6937799046875 0.3325407609375 0.709479665625 0.3396739125 0.812649521875 0.3396739125 0.8283492828125001 0.3325407609375 0.832834928125 0.291779890625
0 0.832834928125 0.4568614125 0.832834928125 0.43036684843749995 0.8283492828125001 0.4181385875 0.812649521875 0.411005434375 0.709479665625 0.411005434375 0.69826555 0.41610054375 0.6937799046875 0.4201766296875 0.6937799046875 0.4650135875 0.709479665625 0.47214673906250004 0.812649521875 0.47214673906250004 0.8238636359375 0.4690896734375 0.832834928125 0.4568614125
0 0.58163875625 0.4670516296875 0.5861244015625 0.46297554375 0.5861244015625 0.4222146734375 0.5659389953125 0.411005434375 0.467254784375 0.411005434375 0.45604067031250006 0.4140625 0.44706937812499997 0.4222146734375 0.44706937812499997 0.46297554375 0.46276913906250006 0.47214673906250004 0.47622607656250004 0.4741847828125 0.5614533500000001 0.4741847828125 0.58163875625 0.4670516296875
0 0.33492822968749997 0.4690896734375 0.33941387500000003 0.4650135875 0.33941387500000003 0.4201766296875 0.3281997609375 0.413043478125 0.31922846875 0.411005434375 0.2205442578125 0.411005434375 0.204844496875 0.4181385875 0.20035885156250002 0.4242527171875 0.20035885156250002 0.45889945625 0.21157296718750002 0.47010869531250005 0.23400119687499998 0.4741847828125 0.3102571765625 0.4741847828125 0.33492822968749997 0.4690896734375
0 0.33941387500000003 0.55264945625 0.33268540625 0.5475543484375 0.3147428234375 0.5434782609375 0.2250299046875 0.5434782609375 0.204844496875 0.5506114125 0.20035885156250002 0.5893342390625 0.21157296718750002 0.602581521875 0.22951554999999998 0.606657609375 0.3147428234375 0.606657609375 0.33941387500000003 0.5974864125 0.33941387500000003 0.55264945625
0 0.58163875625 0.59952445625 0.5861244015625 0.5954483703125 0.5861244015625 0.5546875 0.570424640625 0.5455163046875 0.5614533500000001 0.5434782609375 0.47174043125000004 0.5434782609375 0.4515550234375 0.5506114125 0.44706937812499997 0.5546875 0.44706937812499997 0.5954483703125 0.46276913906250006 0.604619565625 0.47174043125000004 0.606657609375 0.5614533500000001 0.606657609375 0.58163875625 0.59952445625
0 0.8283492828125001 0.59952445625 0.832834928125 0.5934103265624999 0.832834928125 0.55672554375 0.8171351671875 0.5455163046875 0.808163875 0.5434782609375 0.7139653109374999 0.5434782609375 0.6937799046875 0.55264945625 0.6892942578125 0.583220109375 0.6937799046875 0.59952445625 0.70499401875 0.604619565625 0.71845095625 0.606657609375 0.808163875 0.606657609375 0.8283492828125001 0.59952445625
0 0.33492822968749997 0.7340353265624999 0.33941387500000003 0.7299592390625 0.33941387500000003 0.6851222828125 0.3237141140625 0.6779891296875 0.3147428234375 0.6759510875 0.22951554999999998 0.6759510875 0.204844496875 0.6830842390625 0.20035885156250002 0.6912364125 0.20035885156250002 0.7258831515625 0.2160586125 0.737092390625 0.2250299046875 0.739130434375 0.31922846875 0.739130434375 0.33492822968749997 0.7340353265624999
0 0.525 0.709375 0.22109375 0.07265625