0 0.330379746875 0.267908515625 0.33512658281249996 0.2635932109375 0.33512658281249996 0.218282509375 0.31851265781250004 0.208573071875 0.20933544375 0.208573071875 0.19272151875000001 0.21612485625 0.18797468281250002 0.2225978140625 0.18797468281250002 0.25927790625 0.19984177187500002 0.27114499375 0.20933544375 0.273302646875 0.31851265781250004 0.273302646875 0.330379746875 0.267908515625
0 0.591455696875 0.267908515625 0.59620253125 0.2635932109375 0.59620253125 0.218282509375 0.58433544375 0.21073072499999998 0.48939873437500003 0.20641542031250001 0.46566455625 0.208573071875 0.45379746875000004 0.213967203125 0.4490506328125 0.218282509375 0.4490506328125 0.2635932109375 0.46566455625 0.273302646875 0.5558544296875 0.2754602984375 0.5795886078125 0.273302646875 0.591455696875 0.267908515625
0 0.8572784812500001 0.2225978140625 0.8454113921875 0.21073072499999998 0.835917721875 0.208573071875 0.72674050625 0.208573071875 0.7148734171875 0.21180955156249998 0.7101265828125001 0.21612485625 0.7101265828125001 0.2657508625 0.72674050625 0.273302646875 0.835917721875 0.273302646875 0.8525316453125 0.2657508625 0.8572784812500001 0.2225978140625
0 0.8572784812500001 0.3973676640625 0.8572784812500001 0.36931818125000004 0.8525316453125 0.3563722671875 0.835917721875 0.3488204828125 0.72674050625 0.3488204828125 0.7148734171875 0.3542146140625 0.7101265828125001 0.35852991875 0.7101265828125001 0.40599827343749995 0.72674050625 0.4135500578125 0.835917721875 0.4135500578125 0.847784809375 0.41031357812499997 0.8572784812500001 0.3973676640625
0 0.591455696875 0.4081559265625 0.59620253125 0.40384062187499997 0.59620253125 0.360687571875 0.574841771875 0.3488204828125 0.4704113921875 0.3488204828125 0.45854430312499994 0.35205696249999996 0.4490506328125 0.360687571875 0.4490506328125 0.40384062187499997 0.46566455625 0.4135500578125 0.47990506406250005 0.415707709375 0.5700949359374999 0.415707709375 0.591455696875 0.4081559265625
0 0.330379746875 0.41031357812499997 0.33512658281249996 0.40599827343749995 0.33512658281249996 0.35852991875 0.32325949375 0.3509781359375 0.3137658234375 0.3488204828125 0.20933544375 0.3488204828125 0.19272151875000001 0.3563722671875 0.18797468281250002 0.362845225 0.18797468281250002 0.3995253171875 0.19984177187500002 0.4113924046875 0.22357595 0.415707709375 0.3042721515625 0.415707709375 0.330379746875 0.41031357812499997
0 0.33512658281249996 0.4987773296875 0.3280063296875 0.4933831984375 0.3090189875 0.48906789375 0.21408227812499997 0.48906789375 0.19272151875000001 0.49661967812499996 0.18797468281250002 0.5376150749999999 0.19984177187500002 0.551639815625 0.2188291140625 0.5559551203125 0.3090189875 0.5559551203125 0.33512658281249996 0.546245684375 0.33512658281249996 0.4987773296875
0 0.591455696875 0.5484033375 0.59620253125 0.5440880328125 0.59620253125 0.5009349828125 0.5795886078125 0.491225546875 0.5700949359374999 0.48906789375 0.475158228125 0.48906789375 0.45379746875000004 0.49661967812499996 0.4490506328125 0.5009349828125 0.4490506328125 0.5440880328125 0.46566455625 0.55379746875 0.475158228125 0.5559551203125 0.5700949359374999 0.5559551203125 0.591455696875 0.5484033375
0 0.8525316453125 0.5484033375 0.8572784812500001 0.5419303796875 0.8572784812500001 0.5030926359375 0.8406645562499999 0.491225546875 0.8311708859375001 0.48906789375 0.7314873421875 0.48906789375 0.7101265828125001 0.4987773296875 0.705379746875 0.5311421171874999 0.7101265828125001 0.5484033375 0.7219936703125 0.55379746875 0.7362341765625 0.5559551203125 0.8311708859375001 0.5559551203125 0.8525316453125 0.5484033375
0 0.330379746875 0.6908084 0.33512658281249996 0.6864930953124999 0.33512658281249996 0.639024740625 0.31851265781250004 0.6314729578125 0.3090189875 0.6293153046875 0.2188291140625 0.6293153046875 0.19272151875000001 0.6368670890625 0.18797468281250002 0.6454976984374999 0.18797468281250002 0.6821777906250001 0.20458860781250002 0.6940448796875 0.21408227812499997 0.69620253125 0.3137658234375 0.69620253125 0.330379746875 0.6908084
0 0.53125 0.66484375 0.234375 0.0765625