0 0.834180621875 0.1365489125 0.9328648328125 0.1365489125 0.941836125 0.1345108703125 0.9530502390625 0.1273777171875 0.9530502390625 0.0845788046875 0.9485645937499999 0.08050271718749999 0.937350478125 0.07540760937499999 0.9059509562500001 0.073369565625 0.8296949765624999 0.07540760937499999 0.8139952156250001 0.0866168484375 0.8139952156250001 0.12533967343750002 0.8229665078125 0.1334918484375 0.834180621875 0.1365489125
0 0.5874700953125 0.1365489125 0.68615430625 0.1365489125 0.6951255984375 0.1345108703125 0.7063397124999999 0.1273777171875 0.7063397124999999 0.0825407609375 0.7018540671875 0.0784646734375 0.6771830140625 0.073369565625 0.6009270328125 0.073369565625 0.578498803125 0.0774456515625 0.5672846890625001 0.08865489062500001 0.5672846890625001 0.1233016296875 0.571770334375 0.1294157609375 0.5874700953125 0.1365489125
0 0.32954545468749996 0.1314538046875 0.34075956875 0.1365489125 0.44392942656249995 0.1365489125 0.4596291859375 0.1294157609375 0.46411483281250004 0.12126358749999999 0.4596291859375 0.08050271718749999 0.44841507187499996 0.07540760937499999 0.4304724875 0.073369565625 0.3542165078125 0.073369565625 0.331788278125 0.0774456515625 0.325059809375 0.0825407609375 0.325059809375 0.1273777171875 0.32954545468749996 0.1314538046875
0 0.0985346890625 0.1365489125 0.1972189 0.1365489125 0.20619019062500002 0.1345108703125 0.21740430625 0.1273777171875 0.21740430625 0.0845788046875 0.2129186609375 0.08050271718749999 0.2017045453125 0.07540760937499999 0.18376196250000001 0.073369565625 0.09404904375 0.07540760937499999 0.0783492828125 0.0845788046875 0.0783492828125 0.12533967343750002 0.08732057343750001 0.1334918484375 0.0985346890625 0.1365489125
0 0.8566088515624999 0.2710597828125 0.9104366031250001 0.2710597828125 0.941836125 0.2669836953125 0.9530502390625 0.25985054375 0.9530502390625 0.21705162968749997 0.9485645937499999 0.21297554375 0.9328648328125 0.20788043437499998 0.834180621875 0.20788043437499998 0.8252093296874999 0.209918478125 0.8139952156250001 0.2190896734375 0.8139952156250001 0.2578125 0.8184808609375 0.26392662968749997 0.8296949765624999 0.2690217390625 0.8566088515624999 0.2710597828125
0 0.6054126796875 0.2710597828125 0.67269736875 0.2710597828125 0.69961124375 0.2669836953125 0.7063397124999999 0.2618885875 0.7063397124999999 0.21705162968749997 0.7018540671875 0.21297554375 0.6906399515625 0.20788043437499998 0.668211721875 0.20584239062499998 0.5874700953125 0.20788043437499998 0.571770334375 0.21501358750000002 0.5672846890625001 0.2211277171875 0.5672846890625001 0.25577445625 0.571770334375 0.26392662968749997 0.6054126796875 0.2710597828125
0 0.34075956875 0.2690217390625 0.358702153125 0.2710597828125 0.421501196875 0.2710597828125 0.45290071718749997 0.2669836953125 0.46411483281250004 0.2537364125 0.4596291859375 0.21501358750000002 0.44392942656249995 0.20788043437499998 0.34075956875 0.20788043437499998 0.325059809375 0.21705162968749997 0.325059809375 0.25985054375 0.32954545468749996 0.26392662968749997 0.34075956875 0.2690217390625
0 0.1734375 0.2171875 0.00078125 0.00078125
0 0.082834928125 0.26392662968749997 0.10750598125 0.2710597828125 0.2017045453125 0.2690217390625 0.21740430625 0.25985054375 0.21740430625 0.21705162968749997 0.2129186609375 0.21297554375 0.2017045453125 0.20788043437499998 0.09404904375 0.20788043437499998 0.0783492828125 0.2190896734375 0.0783492828125 0.25985054375 0.082834928125 0.26392662968749997
0 0.10750598125 0.403532609375 0.1882476078125 0.403532609375 0.2017045453125 0.401494565625 0.21740430625 0.39232337031250003 0.21740430625 0.34952445625 0.2129186609375 0.34544837031250003 0.1972189 0.3403532609375 0.103020334375 0.3403532609375 0.09404904375 0.3423913046875 0.0783492828125 0.3515625 0.0783492828125 0.39028532656250003 0.082834928125 0.39639945625 0.10750598125 0.403532609375
0 0.3542165078125 0.403532609375 0.43495813437499997 0.403532609375 0.44841507187499996 0.401494565625 0.46411483281250004 0.39028532656250003 0.46411483281250004 0.35360054375 0.4596291859375 0.3474864125 0.44392942656249995 0.3403532609375 0.345245215625 0.3403532609375 0.3362739234375 0.3423913046875 0.325059809375 0.34952445625 0.325059809375 0.3943614125 0.32954545468749996 0.3984375 0.3542165078125 0.403532609375
0 0.6009270328125 0.403532609375 0.6771830140625 0.403532609375 0.69961124375 0.399456521875 0.7063397124999999 0.3943614125 0.7063397124999999 0.34952445625 0.7018540671875 0.34544837031250003 0.68615430625 0.3403532609375 0.5919557421875 0.3403532609375 0.58298445 0.3423913046875 0.571770334375 0.3474864125 0.5672846890625001 0.35767662968749997 0.571770334375 0.3943614125 0.5874700953125 0.401494565625 0.6009270328125 0.403532609375
0 0.847637559375 0.403532609375 0.9238935406250001 0.403532609375 0.937350478125 0.401494565625 0.9530502390625 0.39232337031250003 0.9530502390625 0.3515625 0.9485645937499999 0.3474864125 0.9283791859375 0.3403532609375 0.8386662671874999 0.3403532609375 0.8296949765624999 0.3423913046875 0.8139952156250001 0.3515625 0.8139952156250001 0.39232337031250003 0.8184808609375 0.39639945625 0.8296949765624999 0.401494565625 0.847637559375 0.403532609375
0 0.8386662671874999 0.536005434375 0.9283791859375 0.536005434375 0.937350478125 0.533967390625 0.9530502390625 0.5247961953125 0.9530502390625 0.4840353265625 0.9485645937499999 0.47995923906250004 0.9283791859375 0.4728260875 0.8386662671874999 0.4728260875 0.8296949765624999 0.4748641296875 0.8139952156250001 0.4840353265625 0.8139952156250001 0.520720109375 0.8184808609375 0.5288722828125 0.8386662671874999 0.536005434375
0 0.5919557421875 0.536005434375 0.6816686609375 0.536005434375 0.69961124375 0.5319293484375 0.7063397124999999 0.5268342390625 0.7063397124999999 0.4819972828125 0.7018540671875 0.47792119531250005 0.6816686609375 0.4728260875 0.5964413875 0.4728260875 0.58298445 0.4748641296875 0.5672846890625001 0.4881114125 0.571770334375 0.5288722828125 0.5919557421875 0.536005434375
0 0.3497308609375 0.536005434375 0.43495813437499997 0.536005434375 0.44841507187499996 0.533967390625 0.4596291859375 0.5288722828125 0.46411483281250004 0.514605978125 0.4596291859375 0.47995923906250004 0.43495813437499997 0.4728260875 0.3497308609375 0.4728260875 0.331788278125 0.4769021734375 0.325059809375 0.4819972828125 0.325059809375 0.5268342390625 0.32954545468749996 0.5309103265624999 0.3497308609375 0.536005434375
0 0.103020334375 0.536005434375 0.192733253125 0.536005434375 0.2017045453125 0.533967390625 0.21740430625 0.5247961953125 0.21740430625 0.4840353265625 0.2129186609375 0.47995923906250004 0.192733253125 0.4728260875 0.103020334375 0.4728260875 0.09404904375 0.4748641296875 0.0783492828125 0.4840353265625 0.0783492828125 0.5247961953125 0.082834928125 0.5288722828125 0.103020334375 0.536005434375
0 0.0985346890625 0.6684782609375 0.1972189 0.6684782609375 0.20619019062500002 0.6664402171875 0.21740430625 0.659307065625 0.21740430625 0.6165081515625 0.2129186609375 0.612432065625 0.2017045453125 0.60733695625 0.179276315625 0.6052989125 0.09404904375 0.60733695625 0.0783492828125 0.6185461953125 0.0783492828125 0.657269021875 0.08732057343750001 0.6654211953125 0.0985346890625 0.6684782609375
0 0.32954545468749996 0.6633831515625 0.345245215625 0.6684782609375 0.44392942656249995 0.6684782609375 0.4596291859375 0.661345109375 0.46411483281250004 0.653192934375 0.4596291859375 0.612432065625 0.44841507187499996 0.60733695625 0.4304724875 0.6052989125 0.34075956875 0.60733695625 0.325059809375 0.6165081515625 0.325059809375 0.659307065625 0.32954545468749996 0.6633831515625
0 0.5874700953125 0.6684782609375 0.68615430625 0.6684782609375 0.6951255984375 0.6664402171875 0.7063397124999999 0.661345109375 0.710825359375 0.6246603265624999 0.7063397124999999 0.614470109375 0.6906399515625 0.60733695625 0.6771830140625 0.6052989125 0.6009270328125 0.6052989125 0.58298445 0.60733695625 0.571770334375 0.612432065625 0.571770334375 0.661345109375 0.5874700953125 0.6684782609375
0 0.8229665078125 0.6654211953125 0.834180621875 0.6684782609375 0.9328648328125 0.6684782609375 0.9530502390625 0.657269021875 0.9530502390625 0.6165081515625 0.9485645937499999 0.612432065625 0.9328648328125 0.60733695625 0.834180621875 0.60733695625 0.8252093296874999 0.609375 0.8139952156250001 0.6185461953125 0.8139952156250001 0.653192934375 0.8229665078125 0.6654211953125
0 0.8184808609375 0.795855978125 0.8296949765624999 0.8009510875 0.937350478125 0.8009510875 0.9530502390625 0.791779890625 0.9530502390625 0.751019021875 0.9485645937499999 0.744904890625 0.937350478125 0.7398097828125 0.9149222484375 0.7377717390625 0.8252093296874999 0.7418478265624999 0.8139952156250001 0.748980978125 0.8139952156250001 0.791779890625 0.8184808609375 0.795855978125
0 0.6233552625 0.8029891296875 0.6906399515625 0.8009510875 0.7018540671875 0.795855978125 0.7063397124999999 0.791779890625 0.7063397124999999 0.746942934375 0.6951255984375 0.7418478265624999 0.68615430625 0.7398097828125 0.5874700953125 0.7398097828125 0.57625598125 0.7428668484375 0.5672846890625001 0.753057065625 0.5672846890625001 0.7734375 0.571770334375 0.793817934375 0.5874700953125 0.8009510875 0.6233552625 0.8029891296875
0 0.358702153125 0.8029891296875 0.4304724875 0.8029891296875 0.45290071718749997 0.79891304375 0.46411483281250004 0.7877038046875 0.46411483281250004 0.751019021875 0.4596291859375 0.744904890625 0.4304724875 0.7377717390625 0.3542165078125 0.7377717390625 0.3362739234375 0.7418478265624999 0.325059809375 0.748980978125 0.3205741625 0.7693614125 0.325059809375 0.793817934375 0.34075956875 0.8009510875 0.358702153125 0.8029891296875
0 0.10750598125 0.8029891296875 0.1703050234375 0.8029891296875 0.20619019062500002 0.79891304375 0.21740430625 0.7897418484375 0.21740430625 0.751019021875 0.2084330140625 0.7428668484375 0.192733253125 0.7398097828125 0.12096291875000001 0.7377717390625 0.089563396875 0.7418478265624999 0.0783492828125 0.753057065625 0.0783492828125 0.7897418484375 0.082834928125 0.795855978125 0.10750598125 0.8029891296875
0 0.165819378125 0.9802989125 0.2600179421875 0.9802989125 0.268989234375 0.9782608703125 0.28020334999999996 0.9711277171875 0.28468899531249997 0.9548233703125 0.28020334999999996 0.9262907609375001 0.2734748796875 0.9211956515624999 0.24656100468750003 0.917119565625 0.1747906703125 0.917119565625 0.16133373281250002 0.9191576093749999 0.145633971875 0.9262907609375001 0.145633971875 0.9731657609375001 0.165819378125 0.9802989125
0 0.46635765625000003 0.9802989125 0.565041865625 0.9802989125 0.5740131578125001 0.9782608703125 0.5852272734375 0.9690896734375001 0.5852272734375 0.9283288046875 0.5807416265625001 0.9242527171875 0.5560705734375 0.917119565625 0.47981459375 0.917119565625 0.46187200937500006 0.9191576093749999 0.4461722484375 0.9283288046875 0.4461722484375 0.9711277171875 0.45065789531249995 0.9752038046875 0.46635765625000003 0.9802989125
0 0.751196171875 0.9731657609375001 0.7668959328125 0.9802989125 0.8700657890624999 0.9802989125 0.88576555 0.9731657609375001 0.890251196875 0.9650135875 0.88576555 0.9242527171875 0.8521232062499999 0.917119565625 0.7848385171875 0.917119565625 0.757924640625 0.9211956515624999 0.751196171875 0.9262907609375001 0.751196171875 0.9731657609375001