0 0.20737327187500001 0.14744764375 0.21601382500000002 0.139594240625 0.21601382500000002 0.1022905765625 0.2008928578125 0.091492146875 0.12744815625 0.08952879531249999 0.097206221875 0.091492146875 0.08640552968750001 0.0964005234375 0.08208525312500001 0.10032722499999999 0.08208525312500001 0.1415575921875 0.0928859453125 0.14842931875 0.10152649843749999 0.1503926703125 0.19657258125 0.1503926703125 0.20737327187500001 0.14744764375
0 0.44930875625000005 0.1435209421875 0.4536290328125 0.137630890625 0.4536290328125 0.10425392656250002 0.44282834062500004 0.093455496875 0.4212269578125 0.08952879531249999 0.3477822578125 0.08952879531249999 0.3240207375 0.0944371734375 0.3197004609375 0.098363875 0.3197004609375 0.1415575921875 0.3305011515625 0.14842931875 0.3391417046875 0.1503926703125 0.4341877875 0.1503926703125 0.44930875625000005 0.1435209421875
0 0.6869239625 0.1415575921875 0.6869239625 0.098363875 0.6804435484375 0.093455496875 0.6588421656250001 0.08952879531249999 0.5853974656250001 0.08952879531249999 0.568116359375 0.091492146875 0.55731566875 0.0964005234375 0.5529953921875 0.1356675390625 0.55731566875 0.1435209421875 0.5724366359374999 0.1503926703125 0.6718029953125 0.1503926703125 0.6826036859375 0.14548429375 0.6869239625 0.1415575921875
0 0.9158986171875 0.14744764375 0.9245391703125 0.139594240625 0.9245391703125 0.10032722499999999 0.909418203125 0.091492146875 0.8230126734375001 0.08952879531249999 0.8057315671874999 0.091492146875 0.794930875 0.0964005234375 0.7906105984375 0.10032722499999999 0.7906105984375 0.1415575921875 0.801411290625 0.14842931875 0.81005184375 0.1503926703125 0.9050979265624999 0.1503926703125 0.9158986171875 0.14744764375
0 0.2008928578125 0.278010471875 0.2116935484375 0.27310209375 0.21601382500000002 0.2672120421875 0.21601382500000002 0.2299083765625 0.20521313437500002 0.22107329843749998 0.19657258125 0.21910994687500002 0.10152649843749999 0.21910994687500002 0.08640552968750001 0.224018325 0.08208525312500001 0.22794502656249999 0.08208525312500001 0.26917539218750003 0.0928859453125 0.2760471203125 0.12312787968750001 0.279973821875 0.1749711984375 0.279973821875 0.2008928578125 0.278010471875
0 0.44930875625000005 0.27310209375 0.4536290328125 0.265248690625 0.4536290328125 0.231871728125 0.44930875625000005 0.22598167500000002 0.4341877875 0.21910994687500002 0.3564228109375 0.21714659687500001 0.33482142812500004 0.21910994687500002 0.3240207375 0.224018325 0.3197004609375 0.22794502656249999 0.3197004609375 0.27113874375 0.32618087500000004 0.2760471203125 0.352102534375 0.279973821875 0.41690668124999997 0.279973821875 0.44930875625000005 0.27310209375
0 0.6826036859375 0.27310209375 0.6869239625 0.26917539218750003 0.6869239625 0.22794502656249999 0.6718029953125 0.21910994687500002 0.5724366359374999 0.21910994687500002 0.55731566875 0.22598167500000002 0.5529953921875 0.26328534062500003 0.5637960828125 0.2760471203125 0.59403801875 0.279973821875 0.6545218890625 0.279973821875 0.6718029953125 0.278010471875 0.6826036859375 0.27310209375
0 0.83359375 0.228125 0.00078125 0.00078125
0 0.9245391703125 0.26917539218750003 0.9245391703125 0.2299083765625 0.909418203125 0.21910994687500002 0.8057315671874999 0.21910994687500002 0.794930875 0.224018325 0.7906105984375 0.22794502656249999 0.7906105984375 0.26917539218750003 0.8057315671874999 0.278010471875 0.8964573734375 0.279973821875 0.9202188937500001 0.27310209375 0.9245391703125 0.26917539218750003
0 0.9202188937500001 0.4007198953125 0.9245391703125 0.3948298421875 0.9245391703125 0.357526178125 0.909418203125 0.34869110000000003 0.90077765 0.3467277484375 0.81005184375 0.3467277484375 0.794930875 0.351636125 0.7906105984375 0.3555628265625 0.7906105984375 0.39679319375 0.8057315671874999 0.40562827187500006 0.818692396875 0.4075916234375 0.8964573734375 0.4075916234375 0.9202188937500001 0.4007198953125
0 0.6826036859375 0.40268324531250005 0.6869239625 0.39875654374999997 0.6869239625 0.3555628265625 0.676123271875 0.34869110000000003 0.66748271875 0.3467277484375 0.5724366359374999 0.3467277484375 0.55731566875 0.3535994765625 0.5529953921875 0.359489528125 0.5529953921875 0.3948298421875 0.568116359375 0.40562827187500006 0.5810771890625 0.4075916234375 0.6588421656250001 0.4075916234375 0.6826036859375 0.40268324531250005
0 0.4341877875 0.40562827187500006 0.44930875625000005 0.39875654374999997 0.4536290328125 0.3634162296875 0.44930875625000005 0.3535994765625 0.4385080640625 0.34869110000000003 0.4298675109375 0.3467277484375 0.3391417046875 0.3467277484375 0.3240207375 0.351636125 0.3197004609375 0.3555628265625 0.3197004609375 0.39875654374999997 0.32618087500000004 0.403664921875 0.3477822578125 0.4075916234375 0.4212269578125 0.4075916234375 0.4341877875 0.40562827187500006
0 0.2008928578125 0.40562827187500006 0.2116935484375 0.4007198953125 0.21601382500000002 0.39679319375 0.21601382500000002 0.357526178125 0.2008928578125 0.34869110000000003 0.19225230468750001 0.3467277484375 0.1058467734375 0.3467277484375 0.08640552968750001 0.3535994765625 0.08208525312500001 0.357526178125 0.08208525312500001 0.39679319375 0.097206221875 0.40562827187500006 0.11016705 0.4075916234375 0.1836117515625 0.4075916234375 0.2008928578125 0.40562827187500006
0 0.2116935484375 0.528337696875 0.21601382500000002 0.5204842937499999 0.21601382500000002 0.4851439796875 0.2008928578125 0.4763089 0.19225230468750001 0.47434554999999995 0.1058467734375 0.47434554999999995 0.08640552968750001 0.48121727812500004 0.08208525312500001 0.4851439796875 0.08208525312500001 0.5244109953125 0.097206221875 0.5332460734375 0.1058467734375 0.5352094234375 0.19225230468750001 0.5352094234375 0.2116935484375 0.528337696875
0 0.44930875625000005 0.528337696875 0.4536290328125 0.48907068125000003 0.4385080640625 0.4763089 0.425547234375 0.47434554999999995 0.34346198125 0.47434554999999995 0.3240207375 0.4792539265625 0.3197004609375 0.48318062812499996 0.3197004609375 0.5263743453124999 0.32618087500000004 0.531282721875 0.34346198125 0.5352094234375 0.4298675109375 0.5352094234375 0.44930875625000005 0.528337696875
0 0.6826036859375 0.530301046875 0.6869239625 0.5263743453124999 0.6869239625 0.48318062812499996 0.6804435484375 0.47827225156250003 0.6631624421875 0.47434554999999995 0.5810771890625 0.47434554999999995 0.55731566875 0.48121727812500004 0.5529953921875 0.5145942406249999 0.55731566875 0.528337696875 0.568116359375 0.5332460734375 0.5810771890625 0.5352094234375 0.6631624421875 0.5352094234375 0.6826036859375 0.530301046875
0 0.9202188937500001 0.528337696875 0.9245391703125 0.5244109953125 0.9245391703125 0.4851439796875 0.909418203125 0.4763089 0.90077765 0.47434554999999995 0.8143721203125001 0.47434554999999995 0.794930875 0.48121727812500004 0.7906105984375 0.4851439796875 0.7906105984375 0.5244109953125 0.8057315671874999 0.5332460734375 0.8143721203125001 0.5352094234375 0.90077765 0.5352094234375 0.9202188937500001 0.528337696875
0 0.9158986171875 0.6598821984375001 0.9245391703125 0.6520287953125 0.9245391703125 0.61472513125 0.909418203125 0.6039267015625 0.82733295 0.6019633515625 0.8057315671874999 0.6039267015625 0.794930875 0.608835078125 0.7906105984375 0.6127617796875 0.7906105984375 0.6539921468750001 0.801411290625 0.660863875 0.81005184375 0.662827225 0.9050979265624999 0.662827225 0.9158986171875 0.6598821984375001
0 0.6869239625 0.6539921468750001 0.6869239625 0.6127617796875 0.6718029953125 0.6039267015625 0.5853974656250001 0.6019633515625 0.568116359375 0.6039267015625 0.55731566875 0.608835078125 0.5529953921875 0.64810209375 0.55731566875 0.655955496875 0.5724366359374999 0.662827225 0.66748271875 0.662827225 0.6826036859375 0.6579188484375 0.6869239625 0.6539921468750001
0 0.44930875625000005 0.655955496875 0.44930875625000005 0.608835078125 0.4385080640625 0.6039267015625 0.4212269578125 0.6019633515625 0.3477822578125 0.6019633515625 0.33482142812500004 0.6039267015625 0.3197004609375 0.6107984296875 0.31538018437500004 0.6206151828124999 0.3197004609375 0.655955496875 0.3305011515625 0.660863875 0.3391417046875 0.662827225 0.4341877875 0.662827225 0.44930875625000005 0.655955496875
0 0.21601382500000002 0.64810209375 0.21601382500000002 0.61472513125 0.20521313437500002 0.605890053125 0.19657258125 0.6039267015625 0.10152649843749999 0.6039267015625 0.08640552968750001 0.608835078125 0.08208525312500001 0.6127617796875 0.08208525312500001 0.6520287953125 0.10152649843749999 0.662827225 0.19657258125 0.662827225 0.20737327187500001 0.6598821984375001 0.21601382500000002 0.64810209375
0 0.21601382500000002 0.781609946875 0.21601382500000002 0.74037958125 0.20521313437500002 0.733507853125 0.11880760312500001 0.7295811515625 0.097206221875 0.7315445031250001 0.08640552968750001 0.7364528796875 0.08208525312500001 0.74234293125 0.08208525312500001 0.781609946875 0.097206221875 0.7904450265625 0.2008928578125 0.7904450265625 0.2116935484375 0.7855366484374999 0.21601382500000002 0.781609946875
0 0.4341877875 0.7904450265625 0.44930875625000005 0.7835732984375 0.4536290328125 0.7639397906250001 0.4536290328125 0.7443062828125 0.4449884796875 0.734489528125 0.4341877875 0.7315445031250001 0.3391417046875 0.7315445031250001 0.3305011515625 0.733507853125 0.3197004609375 0.7384162296875 0.3197004609375 0.781609946875 0.3240207375 0.7855366484374999 0.33482142812500004 0.7904450265625 0.3996255765625 0.7924083765625001 0.4341877875 0.7904450265625
0 0.6718029953125 0.7904450265625 0.6869239625 0.7835732984375 0.6912442390625 0.7600130890625 0.6869239625 0.74037958125 0.676123271875 0.733507853125 0.6588421656250001 0.7295811515625 0.5853974656250001 0.7295811515625 0.55731566875 0.7364528796875 0.5529953921875 0.74234293125 0.5529953921875 0.7776832453125 0.5637960828125 0.788481675 0.5853974656250001 0.7924083765625001 0.6545218890625 0.7924083765625001 0.6718029953125 0.7904450265625
0 0.9202188937500001 0.7855366484374999 0.9245391703125 0.7796465968749999 0.9245391703125 0.7443062828125 0.9137384796875001 0.733507853125 0.88349654375 0.7295811515625 0.8143721203125001 0.7315445031250001 0.7992511515625 0.734489528125 0.7906105984375 0.74234293125 0.7906105984375 0.7796465968749999 0.801411290625 0.788481675 0.8359735015625 0.7924083765625001 0.8964573734375 0.7924083765625001 0.9202188937500001 0.7855366484374999
0 0.8597350234375 0.9563481671874999 0.8597350234375 0.9111910999999999 0.8446140546875001 0.904319371875 0.8316532265625 0.9023560203125 0.7625288015625 0.9023560203125 0.7366071421875 0.906282721875 0.730126728125 0.9111910999999999 0.7258064515625 0.9386780109374999 0.730126728125 0.9543848171875 0.74092741875 0.96125654375 0.749567971875 0.9632198953125 0.840293778125 0.9632198953125 0.8597350234375 0.9563481671874999
0 0.5659562218749999 0.9583115187500001 0.5702764984375001 0.9543848171875 0.5702764984375001 0.9131544500000001 0.5551555296874999 0.904319371875 0.5378744234374999 0.9023560203125 0.4644297234375 0.9023560203125 0.440668203125 0.9092277484375 0.4363479265625 0.9131544500000001 0.4363479265625 0.9524214656250001 0.4471486171875 0.96125654375 0.4557891703125 0.9632198953125 0.550835253125 0.9632198953125 0.5659562218749999 0.9583115187500001
0 0.2764976953125 0.9111910999999999 0.27001728125 0.906282721875 0.24409562187499997 0.9023560203125 0.179291475 0.9023560203125 0.14688940156250002 0.9092277484375 0.14256912500000002 0.9484947640625 0.14688940156250002 0.9563481671874999 0.16201036875 0.9632198953125 0.261376728125 0.9632198953125 0.2764976953125 0.9563481671874999 0.2764976953125 0.9111910999999999