0 0.1009450171875 0.154296875 0.1954467359375 0.154296875 0.2061855671875 0.1513671875 0.21477663281249998 0.1435546875 0.21477663281249998 0.1064453125 0.19974226875 0.095703125 0.12671821249999998 0.09375 0.09664948437500001 0.095703125 0.085910653125 0.1005859375 0.0816151203125 0.1044921875 0.0816151203125 0.1455078125 0.09235395156250001 0.15234375 0.1009450171875 0.154296875
0 0.3371993125 0.154296875 0.43170103125 0.154296875 0.44673539531250006 0.1474609375 0.45103092812499995 0.1416015625 0.45103092812499995 0.1083984375 0.44029209687500004 0.09765625 0.4188144328125 0.09375 0.345790378125 0.09375 0.3221649484375 0.0986328125 0.31786941562500004 0.1025390625 0.31786941562500004 0.1455078125 0.328608246875 0.15234375 0.3371993125 0.154296875
0 0.6679553265625 0.154296875 0.6786941578125 0.1494140625 0.682989690625 0.1455078125 0.682989690625 0.1025390625 0.6765463921875 0.09765625 0.655068728125 0.09375 0.5820446734375 0.09375 0.5648625421875 0.095703125 0.5541237109375 0.1005859375 0.5498281781250001 0.1396484375 0.5541237109375 0.1474609375 0.569158075 0.154296875 0.6679553265625 0.154296875
0 0.805412371875 0.154296875 0.8999140890625 0.154296875 0.9106529203125 0.1513671875 0.9192439859375 0.1435546875 0.9192439859375 0.1044921875 0.904209621875 0.095703125 0.81829896875 0.09375 0.8011168390625001 0.095703125 0.79037800625 0.1005859375 0.786082475 0.1044921875 0.786082475 0.1455078125 0.79682130625 0.15234375 0.805412371875 0.154296875
0 0.12242267968750001 0.283203125 0.173969071875 0.283203125 0.19974226875 0.28125 0.21048110000000003 0.2763671875 0.21477663281249998 0.2705078125 0.21477663281249998 0.2333984375 0.2040378 0.224609375 0.1954467359375 0.22265625 0.1009450171875 0.22265625 0.085910653125 0.2275390625 0.0816151203125 0.2314453125 0.0816151203125 0.2724609375 0.09235395156250001 0.279296875 0.12242267968750001 0.283203125
0 0.35008591093749997 0.283203125 0.4145189 0.283203125 0.44673539531250006 0.2763671875 0.45103092812499995 0.2685546875 0.45103092812499995 0.2353515625 0.44673539531250006 0.2294921875 0.43170103125 0.22265625 0.35438144375 0.220703125 0.33290377968749996 0.22265625 0.3221649484375 0.2275390625 0.31786941562500004 0.2314453125 0.31786941562500004 0.2744140625 0.3243127140625 0.279296875 0.35008591093749997 0.283203125
0 0.6507731953125 0.283203125 0.6679553265625 0.28125 0.6786941578125 0.2763671875 0.682989690625 0.2724609375 0.682989690625 0.2314453125 0.6679553265625 0.22265625 0.569158075 0.22265625 0.5541237109375 0.2294921875 0.5498281781250001 0.2666015625 0.5605670109374999 0.279296875 0.5906357390625 0.283203125 0.6507731953125 0.283203125
0 0.82890625 0.23125 0.00078125 0.00078125
0 0.8913230234375 0.283203125 0.914948453125 0.2763671875 0.9192439859375 0.2724609375 0.9192439859375 0.2333984375 0.904209621875 0.22265625 0.8011168390625001 0.22265625 0.79037800625 0.2275390625 0.786082475 0.2314453125 0.786082475 0.2724609375 0.8011168390625001 0.28125 0.8913230234375 0.283203125
0 0.8140034359375001 0.41015625 0.8913230234375 0.41015625 0.914948453125 0.4033203125 0.9192439859375 0.3974609375 0.9192439859375 0.3603515625 0.904209621875 0.3515625 0.89561855625 0.349609375 0.805412371875 0.349609375 0.79037800625 0.3544921875 0.786082475 0.3583984375 0.786082475 0.3994140625 0.8011168390625001 0.408203125 0.8140034359375001 0.41015625
0 0.577749140625 0.41015625 0.655068728125 0.41015625 0.6786941578125 0.4052734375 0.682989690625 0.4013671875 0.682989690625 0.3583984375 0.672250859375 0.3515625 0.6636597937500001 0.349609375 0.569158075 0.349609375 0.5541237109375 0.3564453125 0.5498281781250001 0.3623046875 0.5498281781250001 0.3974609375 0.5648625421875 0.408203125 0.577749140625 0.41015625
0 0.345790378125 0.41015625 0.4188144328125 0.41015625 0.43170103125 0.408203125 0.44673539531250006 0.4013671875 0.45103092812499995 0.3662109375 0.44673539531250006 0.3564453125 0.4359965640625 0.3515625 0.4274054984375 0.349609375 0.3371993125 0.349609375 0.3221649484375 0.3544921875 0.31786941562500004 0.3583984375 0.31786941562500004 0.4013671875 0.3243127140625 0.40625 0.345790378125 0.41015625
0 0.1095360828125 0.41015625 0.1825601375 0.41015625 0.19974226875 0.408203125 0.21048110000000003 0.4033203125 0.21477663281249998 0.3994140625 0.21477663281249998 0.3603515625 0.19974226875 0.3515625 0.191151203125 0.349609375 0.10524055000000002 0.349609375 0.085910653125 0.3564453125 0.0816151203125 0.3603515625 0.0816151203125 0.3994140625 0.09664948437500001 0.408203125 0.1095360828125 0.41015625
0 0.10524055000000002 0.537109375 0.191151203125 0.537109375 0.21048110000000003 0.5302734375 0.21477663281249998 0.5224609375 0.21477663281249998 0.4873046875 0.19974226875 0.478515625 0.191151203125 0.4765625 0.10524055000000002 0.4765625 0.085910653125 0.4833984375 0.0816151203125 0.4873046875 0.0816151203125 0.5263671875 0.09664948437500001 0.53515625 0.10524055000000002 0.537109375
0 0.3414948453125 0.537109375 0.4274054984375 0.537109375 0.44673539531250006 0.5302734375 0.45103092812499995 0.4912109375 0.4359965640625 0.478515625 0.423109965625 0.4765625 0.3414948453125 0.4765625 0.3221649484375 0.4814453125 0.31786941562500004 0.4853515625 0.31786941562500004 0.5283203125 0.3243127140625 0.533203125 0.3414948453125 0.537109375
0 0.577749140625 0.537109375 0.6593642609375 0.537109375 0.6786941578125 0.5322265625 0.682989690625 0.5283203125 0.682989690625 0.4853515625 0.6765463921875 0.48046875 0.6593642609375 0.4765625 0.577749140625 0.4765625 0.5541237109375 0.4833984375 0.5498281781250001 0.5166015625 0.5541237109375 0.5302734375 0.5648625421875 0.53515625 0.577749140625 0.537109375
0 0.8097079031250001 0.537109375 0.89561855625 0.537109375 0.914948453125 0.5302734375 0.9192439859375 0.5263671875 0.9192439859375 0.4873046875 0.904209621875 0.478515625 0.89561855625 0.4765625 0.8097079031250001 0.4765625 0.79037800625 0.4833984375 0.786082475 0.4873046875 0.786082475 0.5263671875 0.8011168390625001 0.53515625 0.8097079031250001 0.537109375
0 0.805412371875 0.6640625 0.8999140890625 0.6640625 0.9106529203125 0.6611328125 0.9192439859375 0.6533203125 0.9192439859375 0.6162109375 0.904209621875 0.60546875 0.8225945015624999 0.603515625 0.8011168390625001 0.60546875 0.79037800625 0.6103515625 0.786082475 0.6142578125 0.786082475 0.6552734375 0.79682130625 0.662109375 0.805412371875 0.6640625
0 0.6636597937500001 0.6640625 0.6786941578125 0.6591796875 0.682989690625 0.6552734375 0.682989690625 0.6142578125 0.6679553265625 0.60546875 0.5820446734375 0.603515625 0.5648625421875 0.60546875 0.5541237109375 0.6103515625 0.5498281781250001 0.6494140625 0.5541237109375 0.6572265625 0.569158075 0.6640625 0.6636597937500001 0.6640625
0 0.3371993125 0.6640625 0.43170103125 0.6640625 0.44673539531250006 0.6572265625 0.44673539531250006 0.6103515625 0.4359965640625 0.60546875 0.4188144328125 0.603515625 0.345790378125 0.603515625 0.33290377968749996 0.60546875 0.31786941562500004 0.6123046875 0.3135738828125 0.6220703125 0.31786941562500004 0.6572265625 0.328608246875 0.662109375 0.3371993125 0.6640625
0 0.1954467359375 0.6640625 0.2061855671875 0.6611328125 0.21477663281249998 0.6494140625 0.21477663281249998 0.6162109375 0.2040378 0.607421875 0.1954467359375 0.60546875 0.1009450171875 0.60546875 0.085910653125 0.6103515625 0.0816151203125 0.6142578125 0.0816151203125 0.6533203125 0.1009450171875 0.6640625 0.1954467359375 0.6640625
0 0.19974226875 0.791015625 0.21048110000000003 0.7861328125 0.21477663281249998 0.7822265625 0.21477663281249998 0.7412109375 0.2040378 0.734375 0.11812714843750001 0.73046875 0.09664948437500001 0.732421875 0.085910653125 0.7373046875 0.0816151203125 0.7431640625 0.0816151203125 0.7822265625 0.09664948437500001 0.791015625 0.19974226875 0.791015625
0 0.33290377968749996 0.791015625 0.39733677031250003 0.79296875 0.43170103125 0.791015625 0.44673539531250006 0.7841796875 0.45103092812499995 0.7646484375 0.45103092812499995 0.7451171875 0.4424398625 0.7353515625 0.43170103125 0.732421875 0.3371993125 0.732421875 0.328608246875 0.734375 0.31786941562500004 0.7392578125 0.31786941562500004 0.7822265625 0.3221649484375 0.7861328125 0.33290377968749996 0.791015625
0 0.5820446734375 0.79296875 0.6507731953125 0.79296875 0.6679553265625 0.791015625 0.682989690625 0.7841796875 0.6872852234375 0.7607421875 0.682989690625 0.7412109375 0.672250859375 0.734375 0.655068728125 0.73046875 0.5820446734375 0.73046875 0.5541237109375 0.7373046875 0.5498281781250001 0.7431640625 0.5498281781250001 0.7783203125 0.5605670109374999 0.7890625 0.5820446734375 0.79296875
0 0.8311855671874999 0.79296875 0.8913230234375 0.79296875 0.914948453125 0.7861328125 0.9192439859375 0.7802734375 0.9192439859375 0.7451171875 0.9085051546875 0.734375 0.8784364265625 0.73046875 0.8097079031250001 0.732421875 0.7946735390625 0.7353515625 0.786082475 0.7431640625 0.786082475 0.7802734375 0.79682130625 0.7890625 0.8311855671874999 0.79296875
0 0.7452749140625 0.962890625 0.8354811 0.962890625 0.854810996875 0.9560546875 0.854810996875 0.9111328125 0.8397766328125 0.904296875 0.826890034375 0.90234375 0.7581615125 0.90234375 0.732388315625 0.90625 0.7259450171874999 0.9111328125 0.721649484375 0.9384765625 0.7259450171874999 0.9541015625 0.7366838484375 0.9609375 0.7452749140625 0.962890625
0 0.45317869375 0.962890625 0.5476804125 0.962890625 0.5627147765625 0.9580078125 0.567010309375 0.9541015625 0.567010309375 0.9130859375 0.5519759453125 0.904296875 0.5347938140624999 0.90234375 0.461769759375 0.90234375 0.4381443296875 0.9091796875 0.433848796875 0.9130859375 0.433848796875 0.9521484375 0.444587628125 0.9609375 0.45317869375 0.962890625
0 0.259879725 0.962890625 0.27491408906250003 0.9560546875 0.27491408906250003 0.9111328125 0.268470790625 0.90625 0.24269759375 0.90234375 0.1782646046875 0.90234375 0.14604810937499998 0.9091796875 0.1417525765625 0.9482421875 0.14604810937499998 0.9560546875 0.161082475 0.962890625 0.259879725 0.962890625