1 0.1023763015625 0.103515625 0.1304796015625 0.109375 0.865180121875 0.109375 0.869194878125 0.107421875 0.8812391484375001 0.107421875 0.8972981765625001 0.103515625 0.9153645828125001 0.0947265625 0.923394096875 0.0869140625 0.923394096875 0.0673828125 0.9153645828125001 0.0595703125 0.8972981765625001 0.05078125 0.8812391484375001 0.046875 0.869194878125 0.046875 0.865180121875 0.044921875 0.13449435781250002 0.044921875 0.1304796015625 0.046875 0.1184353296875 0.046875 0.1023763015625 0.05078125 0.08029513906249999 0.0634765625 0.07628038125 0.0673828125 0.07628038125 0.0869140625 0.08029513906249999 0.0908203125 0.1023763015625 0.103515625
0 0.13449435781250002 0.091796875 0.1585828984375 0.091796875 0.17263454843749998 0.0849609375 0.17664930625 0.0771484375 0.17062717031250002 0.07421875 0.1585828984375 0.07421875 0.15456814218749998 0.072265625 0.15456814218749998 0.0703125 0.1646050359375 0.0693359375 0.16259765625 0.064453125 0.15456814218749998 0.0625 0.13449435781250002 0.0625 0.1164279515625 0.0712890625 0.1164279515625 0.0830078125 0.1204427078125 0.0869140625 0.13449435781250002 0.091796875
0 0.7326931421875 0.09375 0.7347005203125 0.0908203125 0.7507595484375 0.0849609375 0.7547743062500001 0.0791015625 0.7427300359375 0.0791015625 0.7427300359375 0.0654296875 0.738715278125 0.0615234375 0.7286783859375 0.060546875 0.72265625 0.0634765625 0.7186414921875001 0.0771484375 0.7146267359375 0.0791015625 0.706597221875 0.0791015625 0.7326931421875 0.09375
0 0.8531358515624999 0.091796875 0.8571506078125 0.08984375 0.865180121875 0.08984375 0.869194878125 0.091796875 0.883246528125 0.0888671875 0.883246528125 0.0693359375 0.8772243921875 0.06640625 0.8611653640625001 0.0625 0.8451063375000001 0.0625 0.829047309375 0.06640625 0.8230251734375 0.0693359375 0.8230251734375 0.0888671875 0.829047309375 0.091796875 0.8531358515624999 0.091796875
0 0.8210177953125 0.197265625 0.8370768234374999 0.201171875 0.8772243921875 0.201171875 0.8932834203125 0.197265625 0.9153645828125001 0.1865234375 0.923394096875 0.1767578125 0.923394096875 0.1611328125 0.919379340625 0.1591796875 0.919379340625 0.1552734375 0.901312934375 0.14453125 0.869194878125 0.13671875 0.8451063375000001 0.13671875 0.8170030374999999 0.142578125 0.8029513890625 0.1494140625 0.7909071187500001 0.1611328125 0.7909071187500001 0.1767578125 0.7989366312499999 0.1865234375 0.8210177953125 0.197265625
0 0.6222873265625 0.1884765625 0.6403537328125 0.197265625 0.6564127609375 0.201171875 0.6724717874999999 0.201171875 0.6764865453125 0.203125 0.6805013015625 0.201171875 0.7086046015624999 0.19921875 0.7347005203125 0.1884765625 0.7427300359375 0.1806640625 0.7427300359375 0.1748046875 0.7467447921875 0.1728515625 0.7427300359375 0.1591796875 0.7347005203125 0.1513671875 0.70458984375 0.138671875 0.6925455734375 0.138671875 0.688530815625 0.13671875 0.6644422734375001 0.13671875 0.6604275171875 0.138671875 0.652398003125 0.138671875 0.6222873265625 0.1513671875 0.6142578125 0.1591796875 0.6142578125 0.1630859375 0.6102430562500001 0.1650390625 0.6142578125 0.1806640625 0.6222873265625 0.1884765625
0 0.4536675359375 0.1865234375 0.48779296875 0.197265625 0.52392578125 0.1953125 0.5460069437499999 0.1865234375 0.5580512140625 0.1728515625 0.5580512140625 0.1669921875 0.5540364578125 0.1650390625 0.5540364578125 0.1591796875 0.5500217015625 0.1552734375 0.5279405374999999 0.14453125 0.5199110234375001 0.14453125 0.5158962671875 0.142578125 0.4837782125 0.142578125 0.46771918437500004 0.146484375 0.4456380203125 0.1591796875 0.4416232640625 0.1708984375 0.4456380203125 0.1728515625 0.4456380203125 0.1787109375 0.4536675359375 0.1865234375
0 0.25694444375000003 0.1748046875 0.25694444375000003 0.1806640625 0.2649739578125 0.1884765625 0.2830403640625 0.197265625 0.2990993921875 0.201171875 0.34326171875 0.201171875 0.36333550312499996 0.1953125 0.37738715312500004 0.1884765625 0.3854166671875 0.1806640625 0.3894314234375 0.1650390625 0.3854166671875 0.1630859375 0.38140190937499996 0.1533203125 0.3553059890625 0.140625 0.3352322046875 0.13671875 0.30712890625 0.13671875 0.28705512187500004 0.140625 0.2609592015625 0.1533203125 0.2609592015625 0.1572265625 0.2529296875 0.1650390625 0.2529296875 0.1728515625 0.25694444375000003 0.1748046875
0 0.08029513906249999 0.1787109375 0.08029513906249999 0.1826171875 0.09836154531249999 0.1953125 0.1224500875 0.201171875 0.16259765625 0.201171875 0.17865668437499999 0.197265625 0.200737846875 0.1865234375 0.20876736093749998 0.1787109375 0.20876736093749998 0.1611328125 0.19672309062499999 0.1494140625 0.18267144062500001 0.142578125 0.1585828984375 0.13671875 0.12646484375 0.13671875 0.1224500875 0.138671875 0.1144205734375 0.138671875 0.1023763015625 0.142578125 0.08029513906249999 0.1552734375 0.08029513906249999 0.1591796875 0.07628038125 0.1611328125 0.07628038125 0.1767578125 0.08029513906249999 0.1787109375
0 0.1144205734375 0.38671875 0.1224500875 0.38671875 0.12646484375 0.388671875 0.1585828984375 0.388671875 0.16259765625 0.38671875 0.17062717031250002 0.38671875 0.18267144062500001 0.3828125 0.204752603125 0.3701171875 0.204752603125 0.3662109375 0.20876736093749998 0.3642578125 0.20876736093749998 0.3486328125 0.204752603125 0.3466796875 0.204752603125 0.3427734375 0.17865668437499999 0.328125 0.16259765625 0.32421875 0.1224500875 0.32421875 0.106391059375 0.328125 0.08029513906249999 0.3427734375 0.07628038125 0.3466796875 0.07628038125 0.3662109375 0.084309896875 0.3740234375 0.1144205734375 0.38671875
0 0.2950846359375 0.38671875 0.3031141484375 0.38671875 0.30712890625 0.388671875 0.3352322046875 0.388671875 0.33924696249999997 0.38671875 0.3472764765625 0.38671875 0.3553059890625 0.384765625 0.3854166671875 0.3681640625 0.3854166671875 0.3623046875 0.3894314234375 0.3603515625 0.3854166671875 0.3447265625 0.373372396875 0.3349609375 0.3512912328125 0.326171875 0.34326171875 0.326171875 0.33924696249999997 0.32421875 0.3031141484375 0.32421875 0.2990993921875 0.326171875 0.29106987812499996 0.326171875 0.26898871406249997 0.3349609375 0.25694444375000003 0.3447265625 0.2529296875 0.3603515625 0.25694444375000003 0.3623046875 0.2609592015625 0.3720703125 0.2950846359375 0.38671875
0 0.47173394062499996 0.38671875 0.4797634546875 0.38671875 0.4837782125 0.388671875 0.5158962671875 0.388671875 0.5199110234375001 0.38671875 0.5279405374999999 0.38671875 0.539984809375 0.3828125 0.562065971875 0.3701171875 0.562065971875 0.3662109375 0.5660807296875 0.3642578125 0.5660807296875 0.3486328125 0.5580512140625 0.3427734375 0.5580512140625 0.3388671875 0.5359700515625 0.328125 0.5199110234375001 0.32421875 0.4797634546875 0.32421875 0.4637044265625 0.328125 0.4456380203125 0.3369140625 0.43359375 0.3486328125 0.43359375 0.3642578125 0.4456380203125 0.3759765625 0.47173394062499996 0.38671875
0 0.634331596875 0.3740234375 0.6443684890625 0.37890625 0.6604275171875 0.3828125 0.7005750875000001 0.3828125 0.72265625 0.3740234375 0.7347005203125 0.3642578125 0.7347005203125 0.3486328125 0.7266710078124999 0.3408203125 0.7005750875000001 0.330078125 0.688530815625 0.330078125 0.684516059375 0.328125 0.6564127609375 0.330078125 0.648383246875 0.33203125 0.6263020828125 0.3447265625 0.6263020828125 0.3486328125 0.6222873265625 0.3505859375 0.6222873265625 0.3623046875 0.634331596875 0.3740234375
0 0.794921875 0.3642578125 0.794921875 0.3681640625 0.8029513890625 0.3759765625 0.829047309375 0.38671875 0.8370768234374999 0.38671875 0.8410915796875 0.388671875 0.8772243921875 0.388671875 0.8932834203125 0.384765625 0.9153645828125001 0.3740234375 0.923394096875 0.3662109375 0.923394096875 0.3466796875 0.9153645828125001 0.3388671875 0.8932834203125 0.328125 0.8772243921875 0.32421875 0.8410915796875 0.32421875 0.8370768234374999 0.326171875 0.829047309375 0.326171875 0.8029513890625 0.3369140625 0.794921875 0.3447265625 0.794921875 0.3486328125 0.7909071187500001 0.3505859375 0.7909071187500001 0.3623046875 0.794921875 0.3642578125
0 0.8210177953125 0.53125 0.8370768234374999 0.53515625 0.8812391484375001 0.53515625 0.901312934375 0.529296875 0.923394096875 0.5146484375 0.923394096875 0.4931640625 0.9153645828125001 0.4853515625 0.8972981765625001 0.4765625 0.8812391484375001 0.47265625 0.8732096359374999 0.47265625 0.869194878125 0.470703125 0.833062065625 0.47265625 0.8250325515625001 0.474609375 0.794921875 0.4912109375 0.794921875 0.4970703125 0.7909071187500001 0.4990234375 0.794921875 0.5166015625 0.8210177953125 0.53125
0 0.6222873265625 0.5224609375 0.6403537328125 0.53125 0.6564127609375 0.53515625 0.7005750875000001 0.53515625 0.720648871875 0.529296875 0.7427300359375 0.5146484375 0.7427300359375 0.5087890625 0.7467447921875 0.5068359375 0.7427300359375 0.4931640625 0.7347005203125 0.4853515625 0.70458984375 0.47265625 0.688530815625 0.47265625 0.684516059375 0.470703125 0.6564127609375 0.47265625 0.6403537328125 0.4765625 0.6222873265625 0.4853515625 0.6142578125 0.4931640625 0.6142578125 0.4970703125 0.6102430562500001 0.4990234375 0.6142578125 0.5146484375 0.6222873265625 0.5224609375
0 0.4637044265625 0.53125 0.4797634546875 0.53515625 0.5199110234375001 0.53515625 0.5359700515625 0.53125 0.5580512140625 0.5205078125 0.5660807296875 0.5126953125 0.5660807296875 0.4951171875 0.5540364578125 0.4833984375 0.543999565625 0.478515625 0.5118815109375 0.470703125 0.48779296875 0.470703125 0.46771918437500004 0.474609375 0.4456380203125 0.4833984375 0.43359375 0.4951171875 0.43359375 0.5107421875 0.4416232640625 0.5205078125 0.4637044265625 0.53125
0 0.2609592015625 0.5185546875 0.27300347187499996 0.5244140625 0.27300347187499996 0.5263671875 0.29106987812499996 0.533203125 0.2990993921875 0.533203125 0.3031141484375 0.53515625 0.33924696249999997 0.53515625 0.34326171875 0.533203125 0.3512912328125 0.533203125 0.36333550312499996 0.52734375 0.3673502609375 0.52734375 0.38140190937499996 0.5185546875 0.38140190937499996 0.5146484375 0.3854166671875 0.5126953125 0.3854166671875 0.4931640625 0.37738715312500004 0.4853515625 0.35932074687500004 0.4765625 0.34326171875 0.47265625 0.31114366250000003 0.470703125 0.2830403640625 0.4765625 0.2649739578125 0.4853515625 0.25694444375000003 0.4931640625 0.25694444375000003 0.5126953125 0.2609592015625 0.5146484375 0.2609592015625 0.5185546875
0 0.106391059375 0.53125 0.1224500875 0.53515625 0.1385091140625 0.53515625 0.14252387187499999 0.537109375 0.14653862812500001 0.53515625 0.16259765625 0.53515625 0.17865668437499999 0.53125 0.200737846875 0.5205078125 0.20876736093749998 0.5107421875 0.20876736093749998 0.4951171875 0.19672309062499999 0.4833984375 0.1746419265625 0.474609375 0.15456814218749998 0.470703125 0.1184353296875 0.47265625 0.09836154531249999 0.478515625 0.084309896875 0.4873046875 0.07628038125 0.4951171875 0.07628038125 0.5126953125 0.084309896875 0.5205078125 0.106391059375 0.53125
0 0.088324653125 0.6708984375 0.1184353296875 0.681640625 0.12646484375 0.681640625 0.1304796015625 0.68359375 0.15456814218749998 0.68359375 0.18267144062500001 0.677734375 0.19672309062499999 0.6708984375 0.20876736093749998 0.6591796875 0.20876736093749998 0.6435546875 0.200737846875 0.6337890625 0.17865668437499999 0.623046875 0.16259765625 0.619140625 0.1224500875 0.619140625 0.106391059375 0.623046875 0.08029513906249999 0.6376953125 0.08029513906249999 0.6416015625 0.07628038125 0.6435546875 0.07628038125 0.6591796875 0.088324653125 0.6708984375
0 0.2649739578125 0.6689453125 0.2950846359375 0.681640625 0.3031141484375 0.681640625 0.30712890625 0.68359375 0.3352322046875 0.68359375 0.33924696249999997 0.681640625 0.3472764765625 0.681640625 0.37738715312500004 0.6689453125 0.3854166671875 0.6611328125 0.3854166671875 0.6552734375 0.3894314234375 0.6533203125 0.3854166671875 0.6396484375 0.37738715312500004 0.6318359375 0.3512912328125 0.62109375 0.34326171875 0.62109375 0.33924696249999997 0.619140625 0.3031141484375 0.619140625 0.2990993921875 0.62109375 0.29106987812499996 0.62109375 0.26898871406249997 0.6298828125 0.25694444375000003 0.6396484375 0.25694444375000003 0.6455078125 0.2529296875 0.6474609375 0.25694444375000003 0.6611328125 0.2649739578125 0.6689453125
0 0.44965277812500004 0.6728515625 0.46771918437500004 0.6796875 0.48779296875 0.68359375 0.5118815109375 0.68359375 0.5319552953125 0.6796875 0.5540364578125 0.6708984375 0.5660807296875 0.6572265625 0.5660807296875 0.6435546875 0.5580512140625 0.6337890625 0.5359700515625 0.623046875 0.5199110234375001 0.619140625 0.4797634546875 0.619140625 0.4637044265625 0.623046875 0.43760850781249994 0.6376953125 0.43760850781249994 0.6416015625 0.43359375 0.6435546875 0.43359375 0.6591796875 0.44965277812500004 0.6728515625
0 0.6222873265625 0.6689453125 0.652398003125 0.681640625 0.6604275171875 0.681640625 0.6644422734375001 0.68359375 0.6925455734375 0.68359375 0.6965603296875 0.681640625 0.70458984375 0.681640625 0.7166341140625 0.677734375 0.7427300359375 0.6630859375 0.7427300359375 0.6552734375 0.7467447921875 0.6533203125 0.7427300359375 0.6494140625 0.7467447921875 0.6474609375 0.7427300359375 0.6455078125 0.7427300359375 0.6396484375 0.7306857640625 0.6298828125 0.7086046015624999 0.62109375 0.7005750875000001 0.62109375 0.6965603296875 0.619140625 0.6604275171875 0.619140625 0.6363389765624999 0.625 0.6182725687499999 0.6357421875 0.6182725687499999 0.6396484375 0.6102430562500001 0.6474609375 0.6142578125 0.6611328125 0.6222873265625 0.6689453125
0 0.7989366312499999 0.6669921875 0.833062065625 0.681640625 0.8410915796875 0.681640625 0.8451063375000001 0.68359375 0.869194878125 0.68359375 0.8732096359374999 0.681640625 0.8812391484375001 0.681640625 0.8972981765625001 0.677734375 0.919379340625 0.6650390625 0.919379340625 0.6611328125 0.923394096875 0.6591796875 0.923394096875 0.6416015625 0.9153645828125001 0.6337890625 0.8932834203125 0.623046875 0.8772243921875 0.619140625 0.8410915796875 0.619140625 0.8370768234374999 0.62109375 0.829047309375 0.62109375 0.8029513890625 0.6318359375 0.794921875 0.6396484375 0.794921875 0.6435546875 0.7909071187500001 0.6455078125 0.794921875 0.6630859375 0.7989366312499999 0.6669921875
0 0.28705512187500004 0.826171875 0.30712890625 0.830078125 0.3352322046875 0.830078125 0.3673502609375 0.822265625 0.38140190937499996 0.8134765625 0.38140190937499996 0.8095703125 0.3854166671875 0.8076171875 0.3854166671875 0.7880859375 0.37738715312500004 0.7802734375 0.35932074687500004 0.771484375 0.34326171875 0.767578125 0.32318793437500004 0.767578125 0.3191731765625 0.765625 0.3151584203125 0.767578125 0.2990993921875 0.767578125 0.2830403640625 0.771484375 0.2649739578125 0.7802734375 0.25694444375000003 0.7880859375 0.25694444375000003 0.8076171875 0.2649739578125 0.8154296875 0.28705512187500004 0.826171875
0 0.08029513906249999 0.8076171875 0.08029513906249999 0.8115234375 0.106391059375 0.826171875 0.1224500875 0.830078125 0.16259765625 0.830078125 0.17865668437499999 0.826171875 0.204752603125 0.8115234375 0.204752603125 0.8076171875 0.20876736093749998 0.8056640625 0.20876736093749998 0.7900390625 0.19672309062499999 0.7783203125 0.18267144062500001 0.771484375 0.1585828984375 0.765625 0.12646484375 0.765625 0.1023763015625 0.771484375 0.08029513906249999 0.7841796875 0.08029513906249999 0.7880859375 0.07628038125 0.7900390625 0.07628038125 0.8056640625 0.08029513906249999 0.8076171875