1 0.9299828171875 0.130859375 0.9428694156249999 0.12890625 0.9621993124999999 0.1181640625 0.9621993124999999 0.1025390625 0.9428694156249999 0.09375 0.9299828171875 0.09375 0.9256872859374999 0.091796875 0.848367696875 0.091796875 0.844072165625 0.09375 0.8397766328125 0.091796875 0.0708762890625 0.091796875 0.0429553265625 0.1005859375 0.03865979375 0.1044921875 0.0429553265625 0.1220703125 0.0708762890625 0.130859375 0.9299828171875 0.130859375
0 0.075171821875 0.123046875 0.113831615625 0.123046875 0.12027491406249999 0.1201171875 0.12027491406249999 0.1005859375 0.075171821875 0.099609375 0.068728521875 0.1025390625 0.07302405468749999 0.1083984375 0.068728521875 0.1201171875 0.075171821875 0.123046875
0 0.848367696875 0.12890625 0.9385738828125 0.12890625 0.9579037796875 0.1201171875 0.9621993124999999 0.1142578125 0.9579037796875 0.1025390625 0.9342783499999999 0.09375 0.848367696875 0.09375 0.82474226875 0.1005859375 0.8204467359375001 0.1044921875 0.8204467359375001 0.1181640625 0.8311855671874999 0.125 0.848367696875 0.12890625
0 0.865549828125 0.080078125 0.876288659375 0.0732421875 0.876288659375 0.0556640625 0.865549828125 0.05078125 0.8225945015624999 0.05078125 0.8118556703124999 0.0556640625 0.8118556703124999 0.0751953125 0.8225945015624999 0.080078125 0.865549828125 0.080078125
0 0.95146048125 0.078125 0.9579037796875 0.0751953125 0.9579037796875 0.0654296875 0.970790378125 0.0595703125 0.970790378125 0.0517578125 0.960051546875 0.046875 0.9428694156249999 0.046875 0.9256872859374999 0.052734375 0.9170962203125 0.052734375 0.9020618562499999 0.0595703125 0.9020618562499999 0.0712890625 0.9170962203125 0.078125 0.95146048125 0.078125
0 0.1095360828125 0.228515625 0.1310137453125 0.228515625 0.15893470781250002 0.2177734375 0.15893470781250002 0.2041015625 0.154639175 0.2001953125 0.135309278125 0.193359375 0.10524055000000002 0.193359375 0.085910653125 0.2021484375 0.0816151203125 0.2060546875 0.0816151203125 0.2158203125 0.085910653125 0.2197265625 0.1095360828125 0.228515625
0 0.2856529203125 0.228515625 0.33290377968749996 0.228515625 0.345790378125 0.2265625 0.3522336765625 0.2216796875 0.34793814375 0.2197265625 0.34793814375 0.2099609375 0.3307560140625 0.2021484375 0.335051546875 0.1962890625 0.32001718281249997 0.193359375 0.29853951875 0.193359375 0.289948453125 0.1953125 0.2878006875 0.1982421875 0.29209622031250004 0.2021484375 0.27491408906250003 0.2119140625 0.27491408906250003 0.2197265625 0.27061855625 0.2216796875 0.27491408906250003 0.2255859375 0.2856529203125 0.228515625
0 0.4832474234375 0.220703125 0.49183848750000003 0.228515625 0.5047250859375 0.228515625 0.517611684375 0.220703125 0.53049828125 0.220703125 0.53694158125 0.2177734375 0.53694158125 0.2080078125 0.5133161515625 0.1953125 0.49183848750000003 0.193359375 0.47680412343749995 0.2001953125 0.463917525 0.2080078125 0.463917525 0.2177734375 0.47036082500000004 0.220703125 0.4832474234375 0.220703125
0 0.6980240546875 0.228515625 0.721649484375 0.2216796875 0.73024055 0.2080078125 0.710910653125 0.1953125 0.7023195875 0.193359375 0.672250859375 0.193359375 0.6529209625 0.2021484375 0.6486254296875 0.2138671875 0.6636597937500001 0.224609375 0.680841925 0.228515625 0.6980240546875 0.228515625
0 0.8526632296875001 0.2265625 0.8827319593749999 0.224609375 0.89561855625 0.228515625 0.9085051546875 0.2265625 0.9192439859375 0.2197265625 0.9192439859375 0.2119140625 0.9085051546875 0.20703125 0.8999140890625 0.20703125 0.8934707906250001 0.2041015625 0.8977663234375 0.2021484375 0.8934707906250001 0.1943359375 0.8698453609374999 0.193359375 0.8591065296875 0.1982421875 0.854810996875 0.2060546875 0.837628865625 0.2138671875 0.8419243984375001 0.2236328125 0.8526632296875001 0.2265625
0 0.8999140890625 0.296875 0.9085051546875 0.294921875 0.9106529203125 0.2626953125 0.8999140890625 0.259765625 0.8569587625 0.259765625 0.84621993125 0.2646484375 0.84621993125 0.2919921875 0.8569587625 0.296875 0.8999140890625 0.296875
0 0.6529209625 0.2919921875 0.6636597937500001 0.296875 0.6980240546875 0.294921875 0.7066151203125 0.291015625 0.71950171875 0.294921875 0.73024055 0.2880859375 0.73024055 0.2822265625 0.721649484375 0.2783203125 0.721649484375 0.2744140625 0.710910653125 0.26953125 0.7001718218749999 0.2685546875 0.7001718218749999 0.2626953125 0.6894329890625001 0.259765625 0.680841925 0.26171875 0.6679553265625 0.259765625 0.6572164953125 0.2626953125 0.6529209625 0.2666015625 0.6529209625 0.2724609375 0.6572164953125 0.2744140625 0.6529209625 0.2919921875
0 0.5347938140624999 0.294921875 0.5412371140625 0.2919921875 0.53694158125 0.2724609375 0.5219072171875 0.265625 0.5090206187499999 0.26171875 0.4832474234375 0.26171875 0.463917525 0.2685546875 0.45962199375 0.2724609375 0.45962199375 0.2900390625 0.46606529218750004 0.294921875 0.5347938140624999 0.294921875
0 0.289948453125 0.287109375 0.2942439859375 0.294921875 0.31572165 0.294921875 0.32001718281249997 0.29296875 0.345790378125 0.294921875 0.3522336765625 0.2919921875 0.3522336765625 0.2822265625 0.34364261093750004 0.2763671875 0.3414948453125 0.26171875 0.27706185625 0.26171875 0.27061855625 0.2646484375 0.27061855625 0.2841796875 0.27706185625 0.287109375 0.289948453125 0.287109375
0 0.09235395156250001 0.294921875 0.113831615625 0.291015625 0.14390034375 0.291015625 0.15893470781250002 0.2822265625 0.15893470781250002 0.2724609375 0.14390034375 0.267578125 0.1310137453125 0.267578125 0.12671821249999998 0.263671875 0.113831615625 0.26171875 0.09235395156250001 0.26953125 0.0837628859375 0.26953125 0.0816151203125 0.2744140625 0.085910653125 0.2763671875 0.085910653125 0.2861328125 0.09235395156250001 0.294921875
0 0.11812714843750001 0.9765625 0.1288659796875 0.9677734375 0.124570446875 0.9619140625 0.1095360828125 0.955078125 0.08805841875 0.955078125 0.07302405468749999 0.9619140625 0.07302405468749999 0.9736328125 0.09235395156250001 0.978515625 0.11812714843750001 0.9765625
0 0.3114261171875 0.978515625 0.32001718281249997 0.9765625 0.32646048125 0.9736328125 0.32646048125 0.9599609375 0.29853951875 0.953125 0.2856529203125 0.955078125 0.27491408906250003 0.9599609375 0.27491408906250003 0.9736328125 0.289948453125 0.978515625 0.3114261171875 0.978515625
0 0.5240549828125001 0.9716796875 0.5240549828125001 0.9619140625 0.5133161515625 0.955078125 0.49613402031250003 0.953125 0.47680412343749995 0.9599609375 0.47250859062500006 0.9697265625 0.4832474234375 0.9765625 0.5047250859375 0.978515625 0.5240549828125001 0.9716796875
0 0.738831615625 0.9599609375 0.738831615625 0.9541015625 0.7280927828125 0.94921875 0.7087628859375 0.9521484375 0.7044673546875 0.9599609375 0.710910653125 0.962890625 0.7237972515625 0.96484375 0.738831615625 0.9599609375
0 0.7152061859375001 0.978515625 0.721649484375 0.9736328125 0.721649484375 0.9677734375 0.738831615625 0.9599609375 0.738831615625 0.9541015625 0.7280927828125 0.94921875 0.710910653125 0.951171875 0.7023195875 0.95703125 0.672250859375 0.955078125 0.674398625 0.9697265625 0.6851374578125 0.978515625 0.6980240546875 0.974609375 0.7152061859375001 0.978515625
0 0.876288659375 0.9931640625 0.9128006875000001 0.994140625 0.92353951875 0.9892578125 0.92353951875 0.9853515625 0.9170962203125 0.982421875 0.92353951875 0.9736328125 0.914948453125 0.9677734375 0.914948453125 0.9580078125 0.8999140890625 0.953125 0.8870274921875 0.955078125 0.8805841921875001 0.9599609375 0.876288659375 0.9775390625 0.884879725 0.9814453125 0.876288659375 0.9833984375 0.876288659375 0.9931640625