1 0.054253471875 0.125 0.06727430625 0.126973684375 0.9353298609375 0.126973684375 0.9635416671874999 0.1180921046875 0.9678819437499999 0.100328946875 0.9635416671874999 0.0963815796875 0.9353298609375 0.0875 0.15842013906250002 0.0875 0.15407986093749998 0.089473684375 0.1497395828125 0.0875 0.07161458281250001 0.0875 0.06727430625 0.089473684375 0.054253471875 0.089473684375 0.034722221875 0.0983552625 0.034722221875 0.11414473750000001 0.054253471875 0.125
0 0.8919270828125001 0.11907894687500001 0.9309895828125001 0.11907894687500001 0.9375 0.1161184203125 0.933159721875 0.10427631562499999 0.9375 0.0983552625 0.9309895828125001 0.09539473750000001 0.8854166671874999 0.0963815796875 0.8854166671874999 0.1161184203125 0.8919270828125001 0.11907894687500001
0 0.05859375 0.125 0.1497395828125 0.125 0.16710069375 0.12105263125000001 0.17795138906250002 0.11414473750000001 0.17795138906250002 0.100328946875 0.17361111093749998 0.0963815796875 0.1497395828125 0.089473684375 0.062934028125 0.089473684375 0.0390625 0.0983552625 0.034722221875 0.11019736875 0.0390625 0.1161184203125 0.05859375 0.125
0 0.121527778125 0.06875 0.13237847187500001 0.0756578953125 0.17578125 0.0756578953125 0.18663194375 0.070723684375 0.18663194375 0.050986842187500006 0.17578125 0.046052631249999997 0.13237847187500001 0.046052631249999997 0.121527778125 0.050986842187500006 0.121527778125 0.06875
0 0.0390625 0.070723684375 0.0455729171875 0.07368421093750001 0.08029513906249999 0.07368421093750001 0.09548611093750001 0.066776315625 0.09548611093750001 0.054934210937500005 0.08029513906249999 0.048026315624999996 0.07161458281250001 0.048026315624999996 0.054253471875 0.042105262500000004 0.0368923609375 0.042105262500000004 0.0260416671875 0.0470394734375 0.0260416671875 0.054934210937500005 0.0390625 0.06085526249999999 0.0390625 0.070723684375
0 0.874565971875 0.2256578953125 0.8962673609375 0.2256578953125 0.9201388890625 0.216776315625 0.9244791671874999 0.21282894687499998 0.9244791671874999 0.2029605265625 0.9201388890625 0.1990131578125 0.9006076390625 0.1901315796875 0.8702256937499999 0.1901315796875 0.8506944437499999 0.1970394734375 0.8463541671874999 0.2009868421875 0.8463541671874999 0.21480263125 0.874565971875 0.2256578953125
0 0.6705729171875 0.2256578953125 0.718315971875 0.2256578953125 0.7291666671875 0.22269736875 0.7335069437499999 0.21875 0.7291666671875 0.216776315625 0.7291666671875 0.2088815796875 0.7118055562500001 0.1990131578125 0.7161458328125 0.1950657890625 0.7139756937499999 0.19210526249999998 0.7052951390625 0.1901315796875 0.68359375 0.1901315796875 0.668402778125 0.1930921046875 0.6727430562500001 0.1990131578125 0.6553819437499999 0.2069078953125 0.6553819437499999 0.216776315625 0.6510416671875 0.21875 0.6575520828125 0.2236842109375 0.6705729171875 0.2256578953125
0 0.5099826390625 0.2256578953125 0.5186631937499999 0.21776315781250002 0.531684028125 0.21776315781250002 0.5381944437499999 0.21480263125 0.5381944437499999 0.2049342109375 0.5251736109375 0.1970394734375 0.5099826390625 0.1901315796875 0.48828125 0.19210526249999998 0.46440972187499996 0.2049342109375 0.46440972187499996 0.21480263125 0.4709201390625 0.21776315781250002 0.48394097187499996 0.21776315781250002 0.49696180625 0.2256578953125 0.5099826390625 0.2256578953125
0 0.27777777812500004 0.21875 0.30164930624999997 0.2256578953125 0.3190104171875 0.2256578953125 0.33637152812500004 0.22171052656249998 0.3515625 0.21085526250000003 0.34722222187499996 0.1990131578125 0.32769097187499996 0.1901315796875 0.29730902812500004 0.1901315796875 0.28862847187499996 0.19210526249999998 0.26909722187499996 0.2049342109375 0.27777777812500004 0.21875
0 0.1150173609375 0.22171052656249998 0.14539930625 0.2236842109375 0.15625 0.220723684375 0.16059027812499999 0.21085526250000003 0.1432291671875 0.2029605265625 0.13888888906250002 0.1950657890625 0.12803819375 0.1901315796875 0.1041666671875 0.19111842031249998 0.09982638906249999 0.1990131578125 0.1041666671875 0.2009868421875 0.09765625 0.20394736875000002 0.08897569375 0.20394736875000002 0.078125 0.2088815796875 0.078125 0.216776315625 0.08897569375 0.2236842109375 0.101996528125 0.2256578953125 0.1150173609375 0.22171052656249998
0 0.08897569375 0.2927631578125 0.09765625 0.29473684218749996 0.14105902812499999 0.29473684218749996 0.15190972187500001 0.28980263125 0.15190972187500001 0.262171053125 0.14105902812499999 0.2572368421875 0.09765625 0.2572368421875 0.08680555625 0.26019736875 0.08897569375 0.2927631578125
0 0.33637152812500004 0.29473684218749996 0.34722222187499996 0.28980263125 0.34288194375000003 0.2720394734375 0.34722222187499996 0.2700657890625 0.34722222187499996 0.2641447375 0.34288194375000003 0.26019736875 0.33203125 0.2572368421875 0.3190104171875 0.2592105265625 0.3103298609375 0.2572368421875 0.2994791671875 0.26019736875 0.2994791671875 0.2661184203125 0.28862847187499996 0.2671052625 0.27777777812500004 0.2720394734375 0.27777777812500004 0.27598684218749997 0.26909722187499996 0.2799342109375 0.26909722187499996 0.28585526250000004 0.2799479171875 0.2927631578125 0.29296875 0.2888157890625 0.30164930624999997 0.2927631578125 0.33637152812500004 0.29473684218749996
0 0.46006944375 0.28980263125 0.4665798609375 0.2927631578125 0.5360243062500001 0.2927631578125 0.542534721875 0.287828946875 0.542534721875 0.2700657890625 0.5381944437499999 0.2661184203125 0.5186631937499999 0.2592105265625 0.49262152812500004 0.2592105265625 0.47960069375 0.2631578953125 0.46440972187499996 0.2700657890625 0.46006944375 0.28980263125
0 0.7096354171875 0.2927631578125 0.7139756937499999 0.2848684203125 0.726996528125 0.2848684203125 0.7335069437499999 0.2819078953125 0.7335069437499999 0.262171053125 0.726996528125 0.2592105265625 0.6618923609375 0.2592105265625 0.659722221875 0.2740131578125 0.6510416671875 0.2799342109375 0.6510416671875 0.28980263125 0.6575520828125 0.2927631578125 0.68359375 0.2907894734375 0.687934028125 0.2927631578125 0.7096354171875 0.2927631578125
0 0.8919270828125001 0.2888157890625 0.913628471875 0.2927631578125 0.9201388890625 0.2838815796875 0.9201388890625 0.2740131578125 0.9244791671874999 0.2720394734375 0.922309028125 0.2671052625 0.913628471875 0.2671052625 0.8919270828125001 0.2592105265625 0.87890625 0.2611842109375 0.874565971875 0.2651315796875 0.8615451390625 0.2651315796875 0.8463541671874999 0.2700657890625 0.8463541671874999 0.2799342109375 0.8615451390625 0.2888157890625 0.8919270828125001 0.2888157890625
0 0.8767361109375 0.9726973687499999 0.8875868062500001 0.9815789468749999 0.913628471875 0.98355263125 0.933159721875 0.9786184203125 0.933159721875 0.966776315625 0.91796875 0.9598684203125 0.8962673609375 0.9598684203125 0.8810763890625 0.966776315625 0.8767361109375 0.9726973687499999
0 0.68359375 0.9815789468749999 0.6922743062500001 0.98355263125 0.7139756937499999 0.98355263125 0.7291666671875 0.9786184203125 0.7291666671875 0.9648026312500001 0.718315971875 0.9598684203125 0.7052951390625 0.9578947375 0.6770833328125 0.9648026312500001 0.6770833328125 0.9786184203125 0.68359375 0.9815789468749999
0 0.47743055625 0.966776315625 0.47743055625 0.9766447375 0.49696180625 0.98355263125 0.5186631937499999 0.9815789468749999 0.5295138890625 0.974671053125 0.5251736109375 0.9648026312500001 0.5056423609375 0.9578947375 0.48828125 0.9598684203125 0.47743055625 0.966776315625
0 0.2604166671875 0.9588815796875 0.2604166671875 0.9648026312500001 0.2756076390625 0.9697368421875 0.28862847187499996 0.9677631578125 0.2951388890625 0.9648026312500001 0.2907986109375 0.9569078953125001 0.2712673609375 0.95394736875 0.2604166671875 0.9588815796875
0 0.27777777812500004 0.9786184203125 0.28428819375000003 0.98355263125 0.30164930624999997 0.9796052625 0.3146701390625 0.98355263125 0.3255208328125 0.974671053125 0.32769097187499996 0.9598684203125 0.29730902812500004 0.9618421046875 0.28862847187499996 0.9559210531250001 0.2712673609375 0.95394736875 0.2604166671875 0.9588815796875 0.2604166671875 0.9648026312500001 0.27777777812500004 0.9726973687499999 0.27777777812500004 0.9786184203125
0 0.08463541718749999 0.9993421046875 0.121527778125 0.9983552625 0.121527778125 0.9884868421874999 0.112847221875 0.9865131578125 0.121527778125 0.9825657890624999 0.1171875 0.9648026312500001 0.1106770828125 0.9598684203125 0.09765625 0.9578947375 0.082465278125 0.962828946875 0.082465278125 0.9726973687499999 0.073784721875 0.9786184203125 0.08029513906249999 0.9875 0.073784721875 0.9904605265624999 0.073784721875 0.9944078953125001 0.08463541718749999 0.9993421046875