1 0 0.1034540171875 0.0231879609375 0.110754190625 0.9445638828125 0.110754190625 0.9583845203125 0.1086592171875 0.9791154796875 0.097136871875 0.9791154796875 0.08037709531250001 0.9583845203125 0.07094972031249999 0.9445638828125 0.07094972031249999 0.9399570031250001 0.0688547484375 0.8570331703124999 0.0688547484375 0.852426290625 0.07094972031249999 0.8478194109375 0.0688547484375 0.0231879609375 0.0688547484375 0 0.0761549203125 0 0.1034540171875
0 0.0761670765625 0.09923184375 0.0761670765625 0.07828212343749999 0.027794840625 0.07723463750000001 0.0208845203125 0.08037709531250001 0.025491399999999997 0.0866620109375 0.0208845203125 0.09923184375 0.027794840625 0.1023743015625 0.06925675625 0.1023743015625 0.0761670765625 0.09923184375
0 0.9745086000000001 0.09923184375 0.9791154796875 0.092946928125 0.9745086000000001 0.08037709531250001 0.9491707609375 0.07094972031249999 0.8570331703124999 0.07094972031249999 0.8316953312500001 0.07828212343749999 0.8270884515624999 0.0824720671875 0.8270884515624999 0.097136871875 0.8386056515625 0.10446927343750001 0.8570331703124999 0.1086592171875 0.953777640625 0.1086592171875 0.9745086000000001 0.09923184375
0 0.8869778875 0.030097765625 0.8754606875000001 0.0248603359375 0.8293918921874999 0.0248603359375 0.8178746921875 0.030097765625 0.8178746921875 0.051047485937500005 0.8293918921874999 0.056284915625 0.8754606875000001 0.056284915625 0.8869778875 0.0489525140625 0.8869778875 0.030097765625
0 0.9745086000000001 0.040572625 0.9883292390625 0.034287709374999996 0.9883292390625 0.025907821874999997 0.9768120390625 0.020670390625 0.9583845203125 0.020670390625 0.9399570031250001 0.026955307812500003 0.93074324375 0.026955307812500003 0.9146191640625 0.034287709374999996 0.9146191640625 0.046857542187500004 0.93074324375 0.054189943750000004 0.9675982796874999 0.054189943750000004 0.9745086000000001 0.051047485937500005 0.9745086000000001 0.040572625
0 0.1176289921875 0.203980446875 0.1176289921875 0.18931564218750002 0.11302211250000001 0.18512569843749999 0.0922911546875 0.17779329531250002 0.060042996875 0.17779329531250002 0.0393120390625 0.1872206703125 0.034705159375 0.19141061406249998 0.034705159375 0.201885475 0.0393120390625 0.20607541875000002 0.0646498765625 0.21550279374999998 0.087684275 0.21550279374999998 0.1176289921875 0.203980446875
0 0.31802825625 0.21340782187500001 0.324938575 0.208170390625 0.3203316953125 0.20607541875000002 0.3203316953125 0.195600559375 0.3019041765625 0.1872206703125 0.30651105625 0.1809357546875 0.29038697812500003 0.17779329531250002 0.2673525796875 0.17779329531250002 0.2581388203125 0.17988826875 0.25583538125 0.1830307265625 0.2604422609375 0.1872206703125 0.2420147421875 0.19769553125 0.2420147421875 0.20607541875000002 0.2374078625 0.208170390625 0.2420147421875 0.2123603359375 0.253531940625 0.21550279374999998 0.3042076171875 0.21550279374999998 0.31802825625 0.21340782187500001
0 0.48848280156249996 0.21550279374999998 0.5023034390625 0.2071229046875 0.516124078125 0.2071229046875 0.5230343984375 0.203980446875 0.5230343984375 0.1935055859375 0.49769656093750003 0.17988826875 0.47466216250000004 0.17779329531250002 0.4585380828125 0.18512569843749999 0.4447174453125 0.1935055859375 0.4447174453125 0.203980446875 0.4516277640625 0.2071229046875 0.465448403125 0.2071229046875 0.47466216250000004 0.21550279374999998 0.48848280156249996 0.21550279374999998
0 0.7303439796875 0.1935055859375 0.709613021875 0.17988826875 0.7003992625000001 0.17779329531250002 0.6681511062500001 0.17779329531250002 0.6474201468749999 0.1872206703125 0.6428132671875 0.199790503125 0.6589373468749999 0.21131284843749998 0.677364865625 0.21550279374999998 0.6957923828125 0.21550279374999998 0.721130221875 0.208170390625 0.7303439796875 0.1935055859375
0 0.9077088453125001 0.21550279374999998 0.9215294843749999 0.21340782187500001 0.9330466828124999 0.20607541875000002 0.9330466828124999 0.19769553125 0.9215294843749999 0.19245810000000002 0.912315725 0.19245810000000002 0.9054054046875001 0.18931564218750002 0.910012284375 0.1872206703125 0.9054054046875001 0.1788407828125 0.8800675671875 0.17779329531250002 0.86855036875 0.1830307265625 0.8639434890625 0.19141061406249998 0.8455159703125 0.199790503125 0.85012285 0.2102653625 0.8616400484375 0.21340782187500001 0.89388820625 0.21131284843749998 0.9077088453125001 0.21550279374999998
0 0.9238329234375 0.2521648046875 0.912315725 0.249022346875 0.866246928125 0.249022346875 0.8547297296874999 0.2542597765625 0.8547297296874999 0.2835893859375 0.866246928125 0.288826815625 0.912315725 0.288826815625 0.9215294843749999 0.28673184375 0.9238329234375 0.2521648046875
0 0.6957923828125 0.28673184375 0.7050061421875 0.2825419 0.71882678125 0.28673184375 0.7303439796875 0.279399440625 0.7303439796875 0.273114525 0.721130221875 0.26892458124999996 0.721130221875 0.26473463750000004 0.709613021875 0.25949720625 0.6980958234375 0.2584497203125 0.6980958234375 0.2521648046875 0.6865786234375 0.249022346875 0.677364865625 0.25111731875 0.6635442265625 0.249022346875 0.6520270265625 0.2521648046875 0.6474201468749999 0.2563547484375 0.6474201468749999 0.2626396640625 0.6520270265625 0.26473463750000004 0.6474201468749999 0.2835893859375 0.6589373468749999 0.288826815625 0.6957923828125 0.28673184375
0 0.5230343984375 0.2626396640625 0.5069103187499999 0.2553072625 0.49308968125 0.25111731875 0.465448403125 0.25111731875 0.4447174453125 0.2584497203125 0.44011056562500006 0.2626396640625 0.44011056562500006 0.28149441406250003 0.447020884375 0.28673184375 0.5207309578125 0.28673184375 0.5276412781250001 0.2835893859375 0.5230343984375 0.2626396640625
0 0.28578009843749996 0.28673184375 0.29038697812500003 0.284636871875 0.31802825625 0.28673184375 0.324938575 0.2835893859375 0.324938575 0.273114525 0.315724815625 0.266829609375 0.3134213765625 0.25111731875 0.24431818125000002 0.25111731875 0.2374078625 0.2542597765625 0.2374078625 0.27520949687499996 0.24431818125000002 0.2783519546875 0.2581388203125 0.2783519546875 0.2627457 0.28673184375 0.28578009843749996 0.28673184375
0 0.10150491406249999 0.2825419 0.1176289921875 0.273114525 0.1176289921875 0.2626396640625 0.10150491406249999 0.257402234375 0.087684275 0.257402234375 0.0830773953125 0.253212290625 0.06925675625 0.25111731875 0.046222359375 0.25949720625 0.0370086 0.25949720625 0.034705159375 0.26473463750000004 0.0393120390625 0.266829609375 0.0393120390625 0.27730446875000003 0.046222359375 0.28673184375 0.06925675625 0.2825419 0.10150491406249999 0.2825419
0 0.7395577390625 1 0.7395577390625 0.9937849156249999 0.728040540625 0.9885474859375 0.7073095828125 0.99168994375 0.70274109375 1 0.7395577390625 1
0 0.7395577390625 1 0.7395577390625 0.9937849156249999 0.728040540625 0.9885474859375 0.709613021875 0.9906424578124999 0.7003992625000001 0.996927375 0.6681511062500001 0.9948324015625 0.66890868125 1 0.7395577390625 1