0 0.7830756015625 0.32421875 0.7959622000000001 0.322265625 0.7981099656249999 0.3134765625 0.8024054984375001 0.3115234375 0.8024054984375001 0.2822265625 0.7981099656249999 0.2763671875 0.7916666671875 0.271484375 0.7830756015625 0.26953125 0.710051546875 0.26953125 0.70146048125 0.267578125 0.6971649484375 0.26953125 0.68427835 0.26953125 0.6692439859375 0.2763671875 0.6692439859375 0.3193359375 0.67353951875 0.3232421875 0.68427835 0.328125 0.7744845359375 0.328125 0.7830756015625 0.32421875
0 0.46950171875 0.330078125 0.5253436421875 0.330078125 0.5511168390625001 0.326171875 0.566151203125 0.3173828125 0.566151203125 0.2802734375 0.5618556703124999 0.2744140625 0.54682130625 0.26953125 0.4523195875 0.26953125 0.44372852187499995 0.271484375 0.43298969062500003 0.2783203125 0.43298969062500003 0.3212890625 0.43728522343750004 0.3251953125 0.44372852187499995 0.328125 0.4652061859375 0.328125 0.46950171875 0.330078125
0 0.201030928125 0.3232421875 0.211769759375 0.328125 0.3148625421875 0.328125 0.3298969078125 0.3212890625 0.3298969078125 0.2763671875 0.325601375 0.2724609375 0.2976804125 0.267578125 0.28479381406250004 0.26953125 0.22895189062500002 0.267578125 0.22465635781249998 0.26953125 0.211769759375 0.26953125 0.201030928125 0.2763671875 0.201030928125 0.2822265625 0.1967353953125 0.2841796875 0.1967353953125 0.3173828125 0.201030928125 0.3232421875
0 0.460910653125 0.45703125 0.538230240625 0.45703125 0.5511168390625001 0.455078125 0.566151203125 0.4462890625 0.566151203125 0.4052734375 0.5618556703124999 0.4013671875 0.54682130625 0.396484375 0.4523195875 0.396484375 0.43298969062500003 0.4072265625 0.43298969062500003 0.4462890625 0.43728522343750004 0.4501953125 0.44802405468749995 0.455078125 0.460910653125 0.45703125
0 0.6993127140625 0.4345703125 0.731529209375 0.4453125 0.7615979375 0.439453125 0.7723367703124999 0.4345703125 0.7723367703124999 0.4169921875 0.7658934703125 0.4140625 0.7444158078124999 0.408203125 0.7272336765625 0.408203125 0.7057560140625 0.4140625 0.6993127140625 0.4169921875 0.6993127140625 0.4345703125
0 0.7057560140625 0.45703125 0.7744845359375 0.45703125 0.7873711343750001 0.455078125 0.8024054984375001 0.4423828125 0.8024054984375001 0.4091796875 0.7981099656249999 0.4033203125 0.7830756015625 0.396484375 0.6885738828125 0.396484375 0.6799828171875 0.3984375 0.6692439859375 0.4052734375 0.6692439859375 0.4365234375 0.6606529203125 0.4423828125 0.6606529203125 0.4521484375 0.664948453125 0.4560546875 0.671391753125 0.458984375 0.70146048125 0.458984375 0.7057560140625 0.45703125
0 0.2719072171875 0.455078125 0.2762027484375 0.45703125 0.3148625421875 0.455078125 0.3298969078125 0.4482421875 0.3298969078125 0.4052734375 0.325601375 0.4013671875 0.3105670109375 0.396484375 0.22036082499999998 0.396484375 0.211769759375 0.3984375 0.201030928125 0.4033203125 0.201030928125 0.4130859375 0.1967353953125 0.4150390625 0.201030928125 0.4189453125 0.1967353953125 0.4208984375 0.1967353953125 0.4345703125 0.201030928125 0.4365234375 0.1967353953125 0.4404296875 0.2053264609375 0.4521484375 0.2160652921875 0.455078125 0.2719072171875 0.455078125
0 0.2160652921875 0.58203125 0.3148625421875 0.58203125 0.3298969078125 0.5751953125 0.3298969078125 0.5673828125 0.334192440625 0.5654296875 0.3298969078125 0.5322265625 0.319158075 0.525390625 0.3105670109375 0.5234375 0.22036082499999998 0.5234375 0.211769759375 0.525390625 0.201030928125 0.5302734375 0.201030928125 0.5361328125 0.1967353953125 0.5380859375 0.1967353953125 0.5673828125 0.201030928125 0.5693359375 0.201030928125 0.5751953125 0.2160652921875 0.58203125
0 0.4523195875 0.583984375 0.54682130625 0.583984375 0.5554123718749999 0.58203125 0.566151203125 0.5751953125 0.566151203125 0.5341796875 0.5618556703124999 0.5302734375 0.5425257734375 0.5234375 0.4566151203125 0.5234375 0.44802405468749995 0.525390625 0.43298969062500003 0.5322265625 0.43298969062500003 0.5751953125 0.43728522343750004 0.5791015625 0.4523195875 0.583984375
0 0.8024054984375001 0.5654296875 0.8024054984375001 0.5576171875 0.7981099656249999 0.5556640625 0.8024054984375001 0.5419921875 0.7981099656249999 0.5400390625 0.7981099656249999 0.5302734375 0.7787800687499999 0.5234375 0.6928694156249999 0.5234375 0.6756872859375 0.52734375 0.6692439859375 0.5322265625 0.6692439859375 0.5751953125 0.67353951875 0.5791015625 0.6928694156249999 0.583984375 0.7744845359375 0.583984375 0.7873711343750001 0.58203125 0.7981099656249999 0.5771484375 0.7981099656249999 0.5673828125 0.8024054984375001 0.5654296875
0 0.7873711343750001 0.708984375 0.7981099656249999 0.7041015625 0.8024054984375001 0.6982421875 0.8024054984375001 0.6650390625 0.7981099656249999 0.6630859375 0.7981099656249999 0.6572265625 0.7873711343750001 0.65234375 0.7744845359375 0.650390625 0.6971649484375 0.650390625 0.68427835 0.65234375 0.6692439859375 0.6591796875 0.6692439859375 0.7021484375 0.67353951875 0.7060546875 0.6928694156249999 0.7109375 0.7787800687499999 0.7109375 0.7873711343750001 0.708984375
0 0.460910653125 0.7109375 0.54682130625 0.7109375 0.5554123718749999 0.708984375 0.566151203125 0.7021484375 0.566151203125 0.6611328125 0.5618556703124999 0.6572265625 0.54682130625 0.65234375 0.529639175 0.65234375 0.5253436421875 0.650390625 0.5124570453125 0.650390625 0.5081615125 0.65234375 0.4952749140625 0.650390625 0.49097938125 0.65234375 0.44802405468749995 0.65234375 0.43728522343750004 0.6591796875 0.43728522343750004 0.6669921875 0.43298969062500003 0.6689453125 0.43298969062500003 0.6962890625 0.44158075625000004 0.7060546875 0.460910653125 0.7109375
0 0.22036082499999998 0.7109375 0.3105670109375 0.7109375 0.325601375 0.7060546875 0.3298969078125 0.7021484375 0.3298969078125 0.6591796875 0.3148625421875 0.65234375 0.306271478125 0.650390625 0.22465635781249998 0.650390625 0.201030928125 0.6591796875 0.201030928125 0.7021484375 0.211769759375 0.708984375 0.22036082499999998 0.7109375