0 0.2040378 0.322265625 0.2169243984375 0.32421875 0.22551546406249998 0.328125 0.31572165 0.328125 0.32646048125 0.3232421875 0.3307560140625 0.3193359375 0.3307560140625 0.2763671875 0.31572165 0.26953125 0.3028350515625 0.26953125 0.29853951875 0.267578125 0.289948453125 0.26953125 0.2169243984375 0.26953125 0.20833333281250002 0.271484375 0.201890034375 0.2763671875 0.1975945015625 0.2822265625 0.1975945015625 0.3115234375 0.201890034375 0.3134765625 0.2040378 0.322265625
0 0.47465635781250004 0.330078125 0.53049828125 0.330078125 0.5347938140624999 0.328125 0.556271478125 0.328125 0.5627147765625 0.3251953125 0.567010309375 0.3212890625 0.567010309375 0.2783203125 0.556271478125 0.271484375 0.5476804125 0.26953125 0.45317869375 0.26953125 0.4381443296875 0.2744140625 0.433848796875 0.2802734375 0.433848796875 0.3173828125 0.44888316093749997 0.326171875 0.47465635781250004 0.330078125
0 0.788230240625 0.328125 0.798969071875 0.3232421875 0.8032646046874999 0.3173828125 0.8032646046874999 0.2841796875 0.798969071875 0.2822265625 0.798969071875 0.2763671875 0.788230240625 0.26953125 0.7753436421875 0.26953125 0.771048109375 0.267578125 0.7152061859375001 0.26953125 0.7023195875 0.267578125 0.674398625 0.2724609375 0.6701030921875 0.2763671875 0.6701030921875 0.3212890625 0.6851374578125 0.328125 0.788230240625 0.328125
0 0.461769759375 0.45703125 0.539089346875 0.45703125 0.5519759453125 0.455078125 0.5627147765625 0.4501953125 0.567010309375 0.4462890625 0.567010309375 0.4072265625 0.5476804125 0.396484375 0.45317869375 0.396484375 0.4381443296875 0.4013671875 0.433848796875 0.4052734375 0.433848796875 0.4462890625 0.44888316093749997 0.455078125 0.461769759375 0.45703125
0 0.268470790625 0.4453125 0.3006872859375 0.4345703125 0.3006872859375 0.4169921875 0.2942439859375 0.4140625 0.2727663234375 0.408203125 0.2555841921875 0.408203125 0.2341065296875 0.4140625 0.2276632296875 0.4169921875 0.2276632296875 0.4345703125 0.23840206249999998 0.439453125 0.268470790625 0.4453125
0 0.22551546406249998 0.45703125 0.2942439859375 0.45703125 0.29853951875 0.458984375 0.328608246875 0.458984375 0.335051546875 0.4560546875 0.3393470796875 0.4521484375 0.3393470796875 0.4423828125 0.3307560140625 0.4365234375 0.3307560140625 0.4052734375 0.32001718281249997 0.3984375 0.3114261171875 0.396484375 0.2169243984375 0.396484375 0.201890034375 0.4033203125 0.1975945015625 0.4091796875 0.1975945015625 0.4423828125 0.212628865625 0.455078125 0.22551546406249998 0.45703125
0 0.7237972515625 0.45703125 0.7280927828125 0.455078125 0.7839347078125 0.455078125 0.7946735390625 0.4521484375 0.8032646046874999 0.4404296875 0.798969071875 0.4365234375 0.8032646046874999 0.4345703125 0.8032646046874999 0.4208984375 0.798969071875 0.4189453125 0.8032646046874999 0.4150390625 0.798969071875 0.4130859375 0.798969071875 0.4033203125 0.788230240625 0.3984375 0.779639175 0.396484375 0.6894329890625001 0.396484375 0.674398625 0.4013671875 0.6701030921875 0.4052734375 0.6701030921875 0.4482421875 0.6851374578125 0.455078125 0.7237972515625 0.45703125
0 0.6851374578125 0.58203125 0.7839347078125 0.58203125 0.798969071875 0.5751953125 0.798969071875 0.5693359375 0.8032646046874999 0.5673828125 0.8032646046874999 0.5380859375 0.798969071875 0.5361328125 0.798969071875 0.5302734375 0.788230240625 0.525390625 0.779639175 0.5234375 0.6894329890625001 0.5234375 0.680841925 0.525390625 0.6701030921875 0.5322265625 0.6658075593749999 0.5654296875 0.6701030921875 0.5673828125 0.6701030921875 0.5751953125 0.6851374578125 0.58203125
0 0.45317869375 0.583984375 0.5476804125 0.583984375 0.5627147765625 0.5791015625 0.567010309375 0.5751953125 0.567010309375 0.5322265625 0.5519759453125 0.525390625 0.5433848796875 0.5234375 0.4574742265625 0.5234375 0.4381443296875 0.5302734375 0.433848796875 0.5341796875 0.433848796875 0.5751953125 0.444587628125 0.58203125 0.45317869375 0.583984375
0 0.1975945015625 0.5576171875 0.1975945015625 0.5654296875 0.201890034375 0.5673828125 0.201890034375 0.5771484375 0.212628865625 0.58203125 0.22551546406249998 0.583984375 0.30713058437499996 0.583984375 0.32646048125 0.5791015625 0.3307560140625 0.5751953125 0.3307560140625 0.5322265625 0.3243127140625 0.52734375 0.30713058437499996 0.5234375 0.22121993125 0.5234375 0.201890034375 0.5302734375 0.201890034375 0.5400390625 0.1975945015625 0.5419921875 0.201890034375 0.5556640625 0.1975945015625 0.5576171875
0 0.201890034375 0.7041015625 0.212628865625 0.708984375 0.22121993125 0.7109375 0.30713058437499996 0.7109375 0.32646048125 0.7060546875 0.3307560140625 0.7021484375 0.3307560140625 0.6591796875 0.31572165 0.65234375 0.3028350515625 0.650390625 0.22551546406249998 0.650390625 0.212628865625 0.65234375 0.201890034375 0.6572265625 0.201890034375 0.6630859375 0.1975945015625 0.6650390625 0.1975945015625 0.6982421875 0.201890034375 0.7041015625
0 0.45317869375 0.7109375 0.539089346875 0.7109375 0.55841924375 0.7060546875 0.567010309375 0.6962890625 0.567010309375 0.6689453125 0.5627147765625 0.6669921875 0.5627147765625 0.6591796875 0.5519759453125 0.65234375 0.5090206187499999 0.65234375 0.5047250859375 0.650390625 0.49183848750000003 0.65234375 0.4875429546875 0.650390625 0.47465635781250004 0.650390625 0.47036082500000004 0.65234375 0.45317869375 0.65234375 0.4381443296875 0.6572265625 0.433848796875 0.6611328125 0.433848796875 0.7021484375 0.444587628125 0.708984375 0.45317869375 0.7109375
0 0.6894329890625001 0.7109375 0.779639175 0.7109375 0.788230240625 0.708984375 0.798969071875 0.7021484375 0.798969071875 0.6591796875 0.7753436421875 0.650390625 0.693728521875 0.650390625 0.6851374578125 0.65234375 0.6701030921875 0.6591796875 0.6701030921875 0.7021484375 0.674398625 0.7060546875 0.6894329890625001 0.7109375