0 0.785605134375 0.290277778125 0.799358190625 0.28819444375000003 0.8016503671875 0.27881944375 0.8062347187500001 0.2767361109375 0.8062347187500001 0.2454861109375 0.8016503671875 0.2392361109375 0.7947738390625 0.23402777812500003 0.785605134375 0.23194444375 0.7076711484375 0.23194444375 0.6985024453124999 0.2298611109375 0.6939180921875 0.23194444375 0.6801650359375 0.23194444375 0.6641198046875 0.2392361109375 0.6641198046875 0.28506944375 0.66870415625 0.2892361109375 0.6801650359375 0.29444444375 0.7764364296874999 0.29444444375 0.785605134375 0.290277778125
0 0.4509474328125 0.29652777812500003 0.510544009375 0.29652777812500003 0.538050121875 0.2923611109375 0.5540953546875 0.2829861109375 0.5540953546875 0.24340277812500002 0.549511003125 0.23715277812500002 0.5334657703125 0.23194444375 0.43261002499999995 0.23194444375 0.42344132031250004 0.23402777812500003 0.411980440625 0.24131944375 0.411980440625 0.287152778125 0.41656479218750003 0.29131944375 0.42344132031250004 0.29444444375 0.44636308125 0.29444444375 0.4509474328125 0.29652777812500003
0 0.164425428125 0.2892361109375 0.1758863078125 0.29444444375 0.2859107578125 0.29444444375 0.301955990625 0.287152778125 0.301955990625 0.2392361109375 0.2973716375 0.23506944375 0.26757335000000004 0.2298611109375 0.25382029375 0.23194444375 0.19422371562500002 0.2298611109375 0.18963936406249998 0.23194444375 0.1758863078125 0.23194444375 0.164425428125 0.2392361109375 0.164425428125 0.2454861109375 0.1598410765625 0.24756944375 0.1598410765625 0.2829861109375 0.164425428125 0.2892361109375
0 0.44177872812499996 0.43194444374999996 0.524297065625 0.43194444374999996 0.538050121875 0.4298611109375 0.5540953546875 0.4204861109375 0.5540953546875 0.3767361109375 0.549511003125 0.37256944375 0.5334657703125 0.3673611109375 0.43261002499999995 0.3673611109375 0.411980440625 0.37881944375 0.411980440625 0.4204861109375 0.41656479218750003 0.424652778125 0.42802567187499996 0.4298611109375 0.44177872812499996 0.43194444374999996
0 0.69621026875 0.4079861109375 0.730592909375 0.41944444374999995 0.7626833734375 0.41319444375 0.7741442546874999 0.4079861109375 0.7741442546874999 0.3892361109375 0.7672677265625001 0.3861111109375 0.744345965625 0.37986111093749997 0.7260085578125001 0.37986111093749997 0.703086796875 0.3861111109375 0.69621026875 0.3892361109375 0.69621026875 0.4079861109375
0 0.703086796875 0.43194444374999996 0.7764364296874999 0.43194444374999996 0.7901894859375 0.4298611109375 0.8062347187500001 0.41631944374999996 0.8062347187500001 0.380902778125 0.8016503671875 0.37465277812500003 0.785605134375 0.3673611109375 0.6847493890624999 0.3673611109375 0.6755806843750001 0.36944444375 0.6641198046875 0.3767361109375 0.6641198046875 0.41006944375 0.6549511 0.41631944374999996 0.6549511 0.42673611093749997 0.6595354515625 0.430902778125 0.6664119796875 0.43402777812500004 0.6985024453124999 0.43402777812500004 0.703086796875 0.43194444374999996
0 0.2400672375 0.4298611109375 0.2446515890625 0.43194444374999996 0.2859107578125 0.4298611109375 0.301955990625 0.42256944374999994 0.301955990625 0.3767361109375 0.2973716375 0.37256944375 0.28132640625 0.3673611109375 0.1850550125 0.3673611109375 0.1758863078125 0.36944444375 0.164425428125 0.37465277812500003 0.164425428125 0.38506944375 0.1598410765625 0.38715277812500004 0.164425428125 0.39131944375 0.1598410765625 0.393402778125 0.1598410765625 0.4079861109375 0.164425428125 0.41006944375 0.1598410765625 0.4142361109375 0.1690097796875 0.42673611093749997 0.180470659375 0.4298611109375 0.2400672375 0.4298611109375
0 0.180470659375 0.565277778125 0.2859107578125 0.565277778125 0.301955990625 0.5579861109375 0.301955990625 0.549652778125 0.30654034218750004 0.5475694437499999 0.301955990625 0.512152778125 0.290495109375 0.5048611109375 0.28132640625 0.502777778125 0.1850550125 0.502777778125 0.1758863078125 0.5048611109375 0.164425428125 0.51006944375 0.164425428125 0.5163194437499999 0.1598410765625 0.518402778125 0.1598410765625 0.549652778125 0.164425428125 0.5517361109375 0.164425428125 0.5579861109375 0.180470659375 0.565277778125
0 0.43261002499999995 0.5673611109375 0.5334657703125 0.5673611109375 0.5426344750000001 0.565277778125 0.5540953546875 0.5579861109375 0.5540953546875 0.5142361109375 0.549511003125 0.51006944375 0.5288814187499999 0.502777778125 0.4371943765625 0.502777778125 0.42802567187499996 0.5048611109375 0.411980440625 0.512152778125 0.411980440625 0.5579861109375 0.41656479218750003 0.562152778125 0.43261002499999995 0.5673611109375
0 0.8062347187500001 0.5475694437499999 0.8062347187500001 0.5392361109375 0.8016503671875 0.5371527781250001 0.8062347187500001 0.5225694437499999 0.8016503671875 0.5204861109375 0.8016503671875 0.51006944375 0.7810207828125 0.502777778125 0.689333740625 0.502777778125 0.6709963328125 0.5069444437499999 0.6641198046875 0.512152778125 0.6641198046875 0.5579861109375 0.66870415625 0.562152778125 0.689333740625 0.5673611109375 0.7764364296874999 0.5673611109375 0.7901894859375 0.565277778125 0.8016503671875 0.56006944375 0.8016503671875 0.549652778125 0.8062347187500001 0.5475694437499999
0 0.7901894859375 0.70069444375 0.8016503671875 0.6954861109375 0.8062347187500001 0.6892361109375 0.8062347187500001 0.65381944375 0.8016503671875 0.6517361109375 0.8016503671875 0.6454861109375 0.7901894859375 0.640277778125 0.7764364296874999 0.63819444375 0.6939180921875 0.63819444375 0.6801650359375 0.640277778125 0.6641198046875 0.6475694437499999 0.6641198046875 0.6934027781250001 0.66870415625 0.69756944375 0.689333740625 0.702777778125 0.7810207828125 0.702777778125 0.7901894859375 0.70069444375
0 0.44177872812499996 0.702777778125 0.5334657703125 0.702777778125 0.5426344750000001 0.70069444375 0.5540953546875 0.6934027781250001 0.5540953546875 0.649652778125 0.549511003125 0.6454861109375 0.5334657703125 0.640277778125 0.5151283624999999 0.640277778125 0.510544009375 0.63819444375 0.496790953125 0.63819444375 0.4922066015625 0.640277778125 0.47845354531249995 0.63819444375 0.47386919375 0.640277778125 0.42802567187499996 0.640277778125 0.41656479218750003 0.6475694437499999 0.41656479218750003 0.655902778125 0.411980440625 0.6579861109375 0.411980440625 0.687152778125 0.42114914375 0.69756944375 0.44177872812499996 0.702777778125
0 0.1850550125 0.702777778125 0.28132640625 0.702777778125 0.2973716375 0.69756944375 0.301955990625 0.6934027781250001 0.301955990625 0.6475694437499999 0.2859107578125 0.640277778125 0.276742053125 0.63819444375 0.18963936406249998 0.63819444375 0.164425428125 0.6475694437499999 0.164425428125 0.6934027781250001 0.1758863078125 0.70069444375 0.1850550125 0.702777778125