0 0.594931271875 0.306640625 0.60781786875 0.306640625 0.6121134015624999 0.30859375 0.6378865984375001 0.306640625 0.655068728125 0.302734375 0.6786941578125 0.2900390625 0.682989690625 0.2841796875 0.6786941578125 0.2666015625 0.6701030921875 0.2587890625 0.6464776624999999 0.25 0.633591065625 0.248046875 0.6035223375000001 0.248046875 0.5906357390625 0.25 0.569158075 0.255859375 0.5541237109375 0.2666015625 0.5498281781250001 0.2724609375 0.5541237109375 0.2880859375 0.567010309375 0.2978515625 0.594931271875 0.306640625
0 0.5863402062499999 0.20703125 0.5992268046875 0.208984375 0.633591065625 0.208984375 0.6464776624999999 0.20703125 0.6658075593749999 0.2001953125 0.682989690625 0.1845703125 0.682989690625 0.1748046875 0.6701030921875 0.1611328125 0.655068728125 0.154296875 0.6378865984375001 0.150390625 0.5992268046875 0.150390625 0.5863402062499999 0.15234375 0.567010309375 0.1591796875 0.5541237109375 0.1689453125 0.5498281781250001 0.1806640625 0.5541237109375 0.1826171875 0.55841924375 0.1943359375 0.5863402062499999 0.20703125
0 0.14390034375 0.4140625 0.161082475 0.41796875 0.173969071875 0.419921875 0.2040378 0.41796875 0.22121993125 0.4140625 0.2448453609375 0.4013671875 0.24914089375 0.3955078125 0.2448453609375 0.3779296875 0.24054982812499998 0.3740234375 0.20833333281250002 0.361328125 0.1954467359375 0.359375 0.1567869421875 0.361328125 0.1481958765625 0.36328125 0.12027491406249999 0.3779296875 0.11597938125 0.3955078125 0.124570446875 0.4013671875 0.124570446875 0.4052734375 0.14390034375 0.4140625
0 0.3801546390625 0.419921875 0.405927834375 0.419921875 0.4274054984375 0.416015625 0.45103092812499995 0.4052734375 0.45962199375 0.3955078125 0.45962199375 0.3837890625 0.45103092812499995 0.3740234375 0.4274054984375 0.36328125 0.405927834375 0.359375 0.3801546390625 0.359375 0.3586769765625 0.36328125 0.3393470796875 0.3720703125 0.3307560140625 0.3798828125 0.32646048125 0.3935546875 0.3393470796875 0.4072265625 0.35438144375 0.4140625 0.3801546390625 0.419921875
0 0.5734536078125 0.416015625 0.594931271875 0.419921875 0.616408934375 0.419921875 0.6378865984375001 0.416015625 0.661512028125 0.4052734375 0.6701030921875 0.3955078125 0.6701030921875 0.3818359375 0.661512028125 0.3740234375 0.6378865984375001 0.36328125 0.616408934375 0.359375 0.594931271875 0.359375 0.5648625421875 0.365234375 0.5498281781250001 0.3720703125 0.5412371140625 0.3798828125 0.5412371140625 0.3994140625 0.5541237109375 0.4091796875 0.5734536078125 0.416015625
0 0.805412371875 0.419921875 0.826890034375 0.419921875 0.848367696875 0.416015625 0.86769759375 0.4091796875 0.8805841921875001 0.3994140625 0.8805841921875001 0.3798828125 0.8719931265625 0.3720703125 0.8569587625 0.365234375 0.8311855671874999 0.359375 0.805412371875 0.359375 0.7753436421875 0.365234375 0.760309278125 0.3720703125 0.7517182124999999 0.3798828125 0.7517182124999999 0.3994140625 0.771048109375 0.412109375 0.805412371875 0.419921875
0 0.7839347078125 0.533203125 0.805412371875 0.537109375 0.826890034375 0.537109375 0.848367696875 0.533203125 0.8719931265625 0.5224609375 0.8805841921875001 0.5146484375 0.8805841921875001 0.4990234375 0.876288659375 0.4931640625 0.848367696875 0.48046875 0.8225945015624999 0.4765625 0.7925257734375 0.478515625 0.760309278125 0.4912109375 0.7517182124999999 0.4990234375 0.7517182124999999 0.5146484375 0.76890034375 0.5283203125 0.7839347078125 0.533203125
0 0.577749140625 0.53515625 0.5906357390625 0.53515625 0.594931271875 0.537109375 0.6292955328125001 0.53515625 0.6529209625 0.5283203125 0.6701030921875 0.5146484375 0.6701030921875 0.4990234375 0.661512028125 0.4912109375 0.6378865984375001 0.48046875 0.6121134015624999 0.4765625 0.594931271875 0.4765625 0.5648625421875 0.482421875 0.5455326453125 0.4931640625 0.5412371140625 0.4970703125 0.5412371140625 0.5166015625 0.5498281781250001 0.5244140625 0.577749140625 0.53515625
0 0.35438144375 0.53125 0.384450171875 0.537109375 0.405927834375 0.537109375 0.4274054984375 0.533203125 0.45103092812499995 0.5224609375 0.45962199375 0.5126953125 0.45962199375 0.5009765625 0.45103092812499995 0.4912109375 0.43170103125 0.482421875 0.401632303125 0.4765625 0.384450171875 0.4765625 0.35438144375 0.482421875 0.3393470796875 0.4892578125 0.3307560140625 0.4970703125 0.3307560140625 0.5048828125 0.32646048125 0.5068359375 0.3393470796875 0.5244140625 0.35438144375 0.53125
0 0.1696735390625 0.53515625 0.173969071875 0.537109375 0.20833333281250002 0.53515625 0.22121993125 0.53125 0.2448453609375 0.5185546875 0.2448453609375 0.5126953125 0.24914089375 0.5107421875 0.2448453609375 0.4951171875 0.22121993125 0.482421875 0.2040378 0.478515625 0.191151203125 0.4765625 0.161082475 0.478515625 0.14390034375 0.482421875 0.12027491406249999 0.4951171875 0.11597938125 0.5126953125 0.1288659796875 0.5244140625 0.1567869421875 0.53515625 0.1696735390625 0.53515625
0 0.1696735390625 0.654296875 0.1954467359375 0.654296875 0.2169243984375 0.650390625 0.24054982812499998 0.6396484375 0.24914089375 0.6298828125 0.24914089375 0.6201171875 0.23625429531250003 0.6064453125 0.22121993125 0.599609375 0.2040378 0.595703125 0.191151203125 0.595703125 0.1868556703125 0.59375 0.161082475 0.595703125 0.14390034375 0.599609375 0.1288659796875 0.6064453125 0.12027491406249999 0.6142578125 0.11597938125 0.6298828125 0.124570446875 0.6396484375 0.1481958765625 0.650390625 0.1696735390625 0.654296875
0 0.1481958765625 0.767578125 0.1696735390625 0.771484375 0.1954467359375 0.771484375 0.2169243984375 0.767578125 0.23625429531250003 0.7587890625 0.2448453609375 0.7509765625 0.2448453609375 0.7353515625 0.23625429531250003 0.7275390625 0.2169243984375 0.71875 0.19974226875 0.71484375 0.16537800625000001 0.71484375 0.1481958765625 0.71875 0.1288659796875 0.7275390625 0.12027491406249999 0.7353515625 0.12027491406249999 0.7509765625 0.1288659796875 0.7587890625 0.1481958765625 0.767578125
0 0.3801546390625 0.654296875 0.405927834375 0.654296875 0.4274054984375 0.650390625 0.45103092812499995 0.6396484375 0.45962199375 0.6298828125 0.45532646093749995 0.6123046875 0.43170103125 0.599609375 0.4145189 0.595703125 0.39733677031250003 0.595703125 0.3930412375 0.59375 0.38874570468749997 0.595703125 0.3715635734375 0.595703125 0.35438144375 0.599609375 0.3307560140625 0.6142578125 0.32646048125 0.6259765625 0.3393470796875 0.6416015625 0.3586769765625 0.650390625 0.3801546390625 0.654296875
0 0.37585910624999996 0.771484375 0.4102233671875 0.771484375 0.4274054984375 0.767578125 0.45103092812499995 0.7568359375 0.45532646093749995 0.7509765625 0.45532646093749995 0.7333984375 0.4424398625 0.7236328125 0.423109965625 0.716796875 0.4102233671875 0.71484375 0.37585910624999996 0.71484375 0.3586769765625 0.71875 0.335051546875 0.7314453125 0.3307560140625 0.7373046875 0.335051546875 0.7548828125 0.3586769765625 0.767578125 0.37585910624999996 0.771484375
0 0.577749140625 0.76953125 0.5906357390625 0.771484375 0.6207044671874999 0.771484375 0.6378865984375001 0.767578125 0.6658075593749999 0.7529296875 0.6658075593749999 0.7333984375 0.6529209625 0.7236328125 0.633591065625 0.716796875 0.6207044671874999 0.71484375 0.5863402062499999 0.71484375 0.569158075 0.71875 0.5541237109375 0.7255859375 0.5455326453125 0.7333984375 0.5412371140625 0.7392578125 0.5455326453125 0.7529296875 0.5541237109375 0.7607421875 0.577749140625 0.76953125
0 0.569158075 0.650390625 0.5906357390625 0.654296875 0.6207044671874999 0.654296875 0.6464776624999999 0.6484375 0.6658075593749999 0.6376953125 0.6701030921875 0.6318359375 0.6701030921875 0.6162109375 0.661512028125 0.6083984375 0.6378865984375001 0.59765625 0.6121134015624999 0.595703125 0.60781786875 0.59375 0.5820446734375 0.595703125 0.5648625421875 0.599609375 0.5455326453125 0.6103515625 0.5412371140625 0.6142578125 0.5412371140625 0.6337890625 0.5498281781250001 0.6416015625 0.569158075 0.650390625
0 0.788230240625 0.65234375 0.8011168390625001 0.654296875 0.8311855671874999 0.654296875 0.8569587625 0.6484375 0.8719931265625 0.6416015625 0.8805841921875001 0.6337890625 0.8805841921875001 0.6142578125 0.848367696875 0.59765625 0.8354811 0.595703125 0.79682130625 0.595703125 0.771048109375 0.6015625 0.760309278125 0.6083984375 0.7517182124999999 0.6162109375 0.7517182124999999 0.6318359375 0.7646048109375 0.6435546875 0.788230240625 0.65234375
0 0.7646048109375 0.7607421875 0.788230240625 0.76953125 0.8011168390625001 0.771484375 0.8354811 0.771484375 0.8569587625 0.765625 0.876288659375 0.7529296875 0.8805841921875001 0.7470703125 0.876288659375 0.7333984375 0.86769759375 0.7255859375 0.8526632296875001 0.71875 0.8354811 0.71484375 0.79682130625 0.71484375 0.779639175 0.71875 0.7560137453125 0.7314453125 0.7560137453125 0.7373046875 0.7517182124999999 0.7392578125 0.7560137453125 0.7529296875 0.7646048109375 0.7607421875
0 0.837628865625 0.8564453125 0.848367696875 0.857421875 0.8569587625 0.861328125 0.8698453609374999 0.859375 0.884879725 0.8486328125 0.8805841921875001 0.8427734375 0.8569587625 0.8359375 0.848367696875 0.83984375 0.837628865625 0.8408203125 0.837628865625 0.8447265625 0.8290378 0.8486328125 0.837628865625 0.8525390625 0.837628865625 0.8564453125
0 0.15893470781250002 0.8564453125 0.1675257734375 0.8486328125 0.1567869421875 0.83984375 0.14390034375 0.837890625 0.124570446875 0.8427734375 0.12027491406249999 0.8505859375 0.1310137453125 0.857421875 0.1481958765625 0.859375 0.15893470781250002 0.8564453125