0 0.617535128125 0.3093085109375 0.6438817328125 0.3073138296875 0.6614461359375 0.30332446874999996 0.6855971890625 0.2903590421875 0.689988290625 0.284375 0.6855971890625 0.266422871875 0.6768149890624999 0.2584441484375 0.652663934375 0.24946808437499998 0.6394906328125 0.2474734046875 0.608752928125 0.2474734046875 0.595579625 0.24946808437499998 0.573624121875 0.255452128125 0.55825526875 0.266422871875 0.55386416875 0.272406915625 0.55825526875 0.2883643609375 0.5714285718750001 0.29833776562500003 0.5999707265625001 0.3073138296875 0.613144028125 0.3073138296875 0.617535128125 0.3093085109375
0 0.6394906328125 0.2075797875 0.652663934375 0.20558510624999998 0.6724238875 0.1986037234375 0.689988290625 0.18264627656250002 0.689988290625 0.172672871875 0.6768149890624999 0.15871010624999998 0.6614461359375 0.1517287234375 0.6438817328125 0.1477393609375 0.6043618265624999 0.1477393609375 0.591188525 0.1497340421875 0.5714285718750001 0.156715425 0.55825526875 0.1666888296875 0.55386416875 0.178656915625 0.55825526875 0.1806515953125 0.5626463703125 0.19261968125 0.591188525 0.20558510624999998 0.6043618265624999 0.2075797875 0.6394906328125 0.2075797875
0 0.1696428578125 0.42300531875 0.2003805625 0.42101063906249997 0.21794496562500001 0.4170212765625 0.24209601875 0.4040558515625 0.24648711875 0.39807180781249996 0.24209601875 0.38011968125 0.23770491875 0.37613031874999997 0.2047716625 0.36316489375 0.1915983609375 0.3611702125 0.1520784546875 0.36316489375 0.143296253125 0.36515957499999996 0.1147540984375 0.38011968125 0.1103629984375 0.39807180781249996 0.1191451984375 0.4040558515625 0.1191451984375 0.4080452125 0.1389051515625 0.4170212765625 0.15646955468749998 0.42101063906249997 0.1696428578125 0.42300531875
0 0.4287177984375 0.4190159578125 0.452868853125 0.4080452125 0.46165105312500004 0.39807180781249996 0.46165105312500004 0.3861037234375 0.452868853125 0.37613031874999997 0.4287177984375 0.36515957499999996 0.4067622953125 0.3611702125 0.38041569062499997 0.3611702125 0.3584601875 0.36515957499999996 0.33870023437499996 0.3741356390625 0.3299180328125 0.3821143609375 0.3255269328125 0.396077128125 0.33870023437499996 0.41003989374999994 0.3540690859375 0.4170212765625 0.38041569062499997 0.42300531875 0.4067622953125 0.42300531875 0.4287177984375 0.4190159578125
0 0.6219262296875 0.42300531875 0.6438817328125 0.4190159578125 0.6680327875 0.4080452125 0.6768149890624999 0.39807180781249996 0.6768149890624999 0.3841090421875 0.6680327875 0.37613031874999997 0.6438817328125 0.36515957499999996 0.6219262296875 0.3611702125 0.5999707265625001 0.3611702125 0.5692330203125 0.3671542546875 0.55386416875 0.3741356390625 0.5450819671875 0.3821143609375 0.5450819671875 0.4020611703125 0.55825526875 0.412034575 0.578015221875 0.4190159578125 0.5999707265625001 0.42300531875 0.6219262296875 0.42300531875
0 0.8590456671875 0.4190159578125 0.8788056203125001 0.412034575 0.8919789234375 0.4020611703125 0.8919789234375 0.3821143609375 0.883196721875 0.3741356390625 0.8678278687500001 0.3671542546875 0.8414812640625 0.3611702125 0.8151346609375001 0.3611702125 0.7843969562499999 0.3671542546875 0.7690281031249999 0.3741356390625 0.7602459015624999 0.3821143609375 0.7602459015624999 0.4020611703125 0.7800058546875 0.4150265953125 0.8151346609375001 0.42300531875 0.8370901640625 0.42300531875 0.8590456671875 0.4190159578125
0 0.8370901640625 0.5426861703125 0.8590456671875 0.5386968078125001 0.883196721875 0.5277260640625 0.8919789234375 0.519747340625 0.8919789234375 0.5037898937499999 0.887587821875 0.4978058515625 0.8590456671875 0.48484042499999996 0.8326990625 0.4808510640625 0.8019613578125 0.4828457453125 0.7690281031249999 0.4958111703125 0.7602459015624999 0.5037898937499999 0.7602459015624999 0.519747340625 0.7778103046875 0.53371010625 0.79317915625 0.5386968078125001 0.8151346609375001 0.5426861703125 0.8370901640625 0.5426861703125
0 0.5999707265625001 0.5426861703125 0.6350995312500001 0.5406914890625 0.6592505859375 0.53371010625 0.6768149890624999 0.519747340625 0.6768149890624999 0.5037898937499999 0.6680327875 0.4958111703125 0.6438817328125 0.48484042499999996 0.617535128125 0.4808510640625 0.5999707265625001 0.4808510640625 0.5692330203125 0.48683510625000004 0.5494730671875 0.4978058515625 0.5450819671875 0.5017952125 0.5450819671875 0.521742021875 0.55386416875 0.5297207453125 0.5824063234375 0.5406914890625 0.595579625 0.5406914890625 0.5999707265625001 0.5426861703125
0 0.4067622953125 0.5426861703125 0.4287177984375 0.5386968078125001 0.452868853125 0.5277260640625 0.46165105312500004 0.5177526593749999 0.46165105312500004 0.5057845750000001 0.452868853125 0.4958111703125 0.4331089 0.48683510625000004 0.40237119374999997 0.4808510640625 0.38480679218749997 0.4808510640625 0.3540690859375 0.48683510625000004 0.33870023437499996 0.4938164890625 0.3299180328125 0.5017952125 0.3299180328125 0.5097739359375 0.3255269328125 0.5117686171875 0.33870023437499996 0.5297207453125 0.3540690859375 0.5367021281250001 0.38480679218749997 0.5426861703125 0.4067622953125 0.5426861703125
0 0.2047716625 0.5406914890625 0.21794496562500001 0.5367021281250001 0.24209601875 0.5237367015625 0.24209601875 0.5177526593749999 0.24648711875 0.515757978125 0.24209601875 0.49980053125 0.21794496562500001 0.48683510625000004 0.2003805625 0.4828457453125 0.187207259375 0.4808510640625 0.15646955468749998 0.4828457453125 0.1389051515625 0.48683510625000004 0.1147540984375 0.49980053125 0.1103629984375 0.5177526593749999 0.1235363 0.5297207453125 0.1520784546875 0.5406914890625 0.16525175625 0.5406914890625 0.1696428578125 0.5426861703125 0.2047716625 0.5406914890625
0 0.21355386406250002 0.6583776593749999 0.23770491875 0.647406915625 0.24648711875 0.6374335109375 0.24648711875 0.62746010625 0.2333138171875 0.613497340625 0.21794496562500001 0.6065159578125 0.2003805625 0.6025265953125001 0.187207259375 0.6025265953125001 0.182816159375 0.600531915625 0.15646955468749998 0.6025265953125001 0.1389051515625 0.6065159578125 0.1235363 0.613497340625 0.1147540984375 0.6214760640625 0.1103629984375 0.6374335109375 0.1191451984375 0.647406915625 0.143296253125 0.6583776593749999 0.16525175625 0.662367021875 0.1915983609375 0.662367021875 0.21355386406250002 0.6583776593749999
0 0.1915983609375 0.7820478718749999 0.21355386406250002 0.7780585109375 0.2333138171875 0.7690824468749999 0.24209601875 0.7611037234375 0.24209601875 0.7451462765625 0.2333138171875 0.737167553125 0.21355386406250002 0.7281914890625 0.1959894609375 0.7242021281250001 0.16086065624999998 0.7242021281250001 0.143296253125 0.7281914890625 0.1235363 0.737167553125 0.1147540984375 0.7451462765625 0.1147540984375 0.7611037234375 0.1235363 0.7690824468749999 0.143296253125 0.7780585109375 0.16525175625 0.7820478718749999 0.1915983609375 0.7820478718749999
0 0.4287177984375 0.6583776593749999 0.452868853125 0.647406915625 0.46165105312500004 0.6374335109375 0.457259953125 0.6194813828125 0.4331089 0.6065159578125 0.41554449687500006 0.6025265953125001 0.39798009375 0.6025265953125001 0.39358899375 0.600531915625 0.3891978921875 0.6025265953125001 0.37163348906250004 0.6025265953125001 0.3540690859375 0.6065159578125 0.3299180328125 0.6214760640625 0.3255269328125 0.6334441484375 0.33870023437499996 0.6494015953125001 0.3584601875 0.6583776593749999 0.38041569062499997 0.662367021875 0.4067622953125 0.662367021875 0.4287177984375 0.6583776593749999
0 0.4287177984375 0.7780585109375 0.452868853125 0.767087765625 0.457259953125 0.7611037234375 0.457259953125 0.7431515953125001 0.44408665156250005 0.7331781921875 0.42432669843750004 0.7261968078125001 0.4111533953125 0.7242021281250001 0.37602459062500004 0.7242021281250001 0.3584601875 0.7281914890625 0.33430913281249997 0.741156915625 0.3299180328125 0.7471409578125 0.33430913281249997 0.765093084375 0.3584601875 0.7780585109375 0.37602459062500004 0.7820478718749999 0.4111533953125 0.7820478718749999 0.4287177984375 0.7780585109375
0 0.6263173296875 0.7820478718749999 0.6438817328125 0.7780585109375 0.6724238875 0.7630984046875 0.6724238875 0.7431515953125001 0.6592505859375 0.7331781921875 0.6394906328125 0.7261968078125001 0.6263173296875 0.7242021281250001 0.591188525 0.7242021281250001 0.573624121875 0.7281914890625 0.55825526875 0.7351728718749999 0.5494730671875 0.7431515953125001 0.5450819671875 0.7491356390624999 0.5494730671875 0.7630984046875 0.55825526875 0.7710771281250001 0.5824063234375 0.7800531921875 0.595579625 0.7820478718749999 0.6263173296875 0.7820478718749999
0 0.6263173296875 0.662367021875 0.652663934375 0.656382978125 0.6724238875 0.645412234375 0.6768149890624999 0.6394281921875 0.6768149890624999 0.6234707453125 0.6680327875 0.615492021875 0.6438817328125 0.6045212765625 0.617535128125 0.6025265953125001 0.613144028125 0.600531915625 0.5867974234375 0.6025265953125001 0.5692330203125 0.6065159578125 0.5494730671875 0.6174867015625 0.5450819671875 0.6214760640625 0.5450819671875 0.6414228718749999 0.55386416875 0.6494015953125001 0.573624121875 0.6583776593749999 0.595579625 0.662367021875 0.6263173296875 0.662367021875
0 0.8414812640625 0.662367021875 0.8678278687500001 0.656382978125 0.883196721875 0.6494015953125001 0.8919789234375 0.6414228718749999 0.8919789234375 0.6214760640625 0.8590456671875 0.6045212765625 0.8458723656249999 0.6025265953125001 0.806352459375 0.6025265953125001 0.7800058546875 0.6085106390624999 0.7690281031249999 0.615492021875 0.7602459015624999 0.6234707453125 0.7602459015624999 0.6394281921875 0.773419203125 0.6513962765625 0.7975702578125 0.660372340625 0.8107435593749999 0.662367021875 0.8414812640625 0.662367021875
0 0.8107435593749999 0.7820478718749999 0.8458723656249999 0.7820478718749999 0.8678278687500001 0.7760638296875 0.887587821875 0.7630984046875 0.8919789234375 0.7571143609375001 0.887587821875 0.7431515953125001 0.8788056203125001 0.7351728718749999 0.86343676875 0.7281914890625 0.8458723656249999 0.7242021281250001 0.806352459375 0.7242021281250001 0.78878805625 0.7281914890625 0.7646370015625 0.741156915625 0.7646370015625 0.7471409578125 0.7602459015624999 0.7491356390624999 0.7646370015625 0.7630984046875 0.773419203125 0.7710771281250001 0.7975702578125 0.7800531921875 0.8107435593749999 0.7820478718749999
0 0.8678278687500001 0.8738031921875 0.8810011703124999 0.8718085109375 0.8963700234375 0.8608377656249999 0.8919789234375 0.8548537234375001 0.8678278687500001 0.8478723406249999 0.8590456671875 0.8518617015625001 0.848067915625 0.8528590421875 0.848067915625 0.8568484046875 0.8392857140625001 0.8608377656249999 0.848067915625 0.8648271281250001 0.848067915625 0.8688164890625 0.8590456671875 0.8698138296875 0.8678278687500001 0.8738031921875
0 0.1520784546875 0.8518617015625001 0.1389051515625 0.849867021875 0.1191451984375 0.8548537234375001 0.1147540984375 0.8628324468749999 0.12573185 0.8698138296875 0.143296253125 0.8718085109375 0.15427400468750002 0.8688164890625 0.16305620625 0.8608377656249999 0.1520784546875 0.8518617015625001