0 0.6266369046875 0.28459459531250003 0.65342261875 0.2825675671875 0.6712797625 0.2785135140625 0.6958333328124999 0.2653378375 0.70029761875 0.25925675625 0.6958333328124999 0.2410135140625 0.6869047625 0.2329054046875 0.662351190625 0.223783784375 0.6489583328124999 0.22175675625000002 0.6177083328124999 0.22175675625000002 0.6043154765625001 0.223783784375 0.581994046875 0.22986486562500003 0.566369046875 0.2410135140625 0.5619047625 0.24709459531250003 0.566369046875 0.26331081093750003 0.5797619046875 0.2734459453125 0.6087797625 0.2825675671875 0.62217261875 0.2825675671875 0.6266369046875 0.28459459531250003
0 0.6489583328124999 0.181216215625 0.662351190625 0.1791891890625 0.6824404765625001 0.1720945953125 0.70029761875 0.155878378125 0.70029761875 0.14574324375 0.6869047625 0.1315540546875 0.6712797625 0.124459459375 0.65342261875 0.12040540468750001 0.613244046875 0.12040540468750001 0.599851190625 0.1224324328125 0.5797619046875 0.12952702656249998 0.566369046875 0.13966216250000002 0.5619047625 0.151824325 0.566369046875 0.15385135156250002 0.5708333328124999 0.1660135140625 0.599851190625 0.1791891890625 0.613244046875 0.181216215625 0.6489583328124999 0.181216215625
0 0.17127976250000002 0.400135134375 0.2025297625 0.3981081078125 0.2203869046875 0.3940540546875 0.2449404765625 0.380878378125 0.2494047625 0.374797296875 0.2449404765625 0.3565540546875 0.240476190625 0.3525 0.206994046875 0.339324325 0.193601190625 0.337297296875 0.15342261875000002 0.339324325 0.144494046875 0.3413513515625 0.115476190625 0.3565540546875 0.1110119046875 0.374797296875 0.1199404765625 0.380878378125 0.1199404765625 0.3849324328125 0.14002976250000002 0.3940540546875 0.1578869046875 0.3981081078125 0.17127976250000002 0.400135134375
0 0.43467261874999996 0.39608108125 0.45922619062500003 0.3849324328125 0.46815476250000004 0.374797296875 0.46815476250000004 0.362635134375 0.45922619062500003 0.3525 0.43467261874999996 0.3413513515625 0.41235119062500003 0.337297296875 0.3855654765625 0.337297296875 0.363244046875 0.3413513515625 0.3431547625 0.3504729734375 0.33422619062500003 0.35858108125 0.3297619046875 0.3727702703125 0.3431547625 0.386959459375 0.3587797625 0.3940540546875 0.3855654765625 0.400135134375 0.41235119062500003 0.400135134375 0.43467261874999996 0.39608108125
0 0.631101190625 0.400135134375 0.65342261875 0.39608108125 0.677976190625 0.3849324328125 0.6869047625 0.374797296875 0.6869047625 0.36060810781249997 0.677976190625 0.3525 0.65342261875 0.3413513515625 0.631101190625 0.337297296875 0.6087797625 0.337297296875 0.5775297625 0.343378378125 0.5619047625 0.3504729734375 0.552976190625 0.35858108125 0.552976190625 0.3788513515625 0.566369046875 0.38898648593749996 0.5864583328124999 0.39608108125 0.6087797625 0.400135134375 0.631101190625 0.400135134375
0 0.87217261875 0.39608108125 0.8922619046875001 0.38898648593749996 0.9056547625 0.3788513515625 0.9056547625 0.35858108125 0.896726190625 0.3504729734375 0.881101190625 0.343378378125 0.8543154765625 0.337297296875 0.8275297625 0.337297296875 0.7962797625 0.343378378125 0.7806547625 0.3504729734375 0.771726190625 0.35858108125 0.771726190625 0.3788513515625 0.7918154765625001 0.3920270265625 0.8275297625 0.400135134375 0.849851190625 0.400135134375 0.87217261875 0.39608108125
0 0.849851190625 0.5217567562500001 0.87217261875 0.517702703125 0.896726190625 0.5065540546875 0.9056547625 0.49844594531249997 0.9056547625 0.4822297296875 0.9011904765625 0.47614864843750004 0.87217261875 0.4629729734375 0.8453869046875001 0.45891891874999996 0.8141369046875001 0.4609459453125 0.7806547625 0.474121621875 0.771726190625 0.4822297296875 0.771726190625 0.49844594531249997 0.7895833328124999 0.512635134375 0.8052083328125 0.517702703125 0.8275297625 0.5217567562500001 0.849851190625 0.5217567562500001
0 0.6087797625 0.5217567562500001 0.644494046875 0.5197297296875 0.66904761875 0.512635134375 0.6869047625 0.49844594531249997 0.6869047625 0.4822297296875 0.677976190625 0.474121621875 0.65342261875 0.4629729734375 0.6266369046875 0.45891891874999996 0.6087797625 0.45891891874999996 0.5775297625 0.465 0.5574404765625001 0.47614864843750004 0.552976190625 0.48020270312499996 0.552976190625 0.5004729734375 0.5619047625 0.50858108125 0.59092261875 0.5197297296875 0.6043154765625001 0.5197297296875 0.6087797625 0.5217567562500001
0 0.41235119062500003 0.5217567562500001 0.43467261874999996 0.517702703125 0.45922619062500003 0.5065540546875 0.46815476250000004 0.49641891875 0.46815476250000004 0.48425675625000003 0.45922619062500003 0.474121621875 0.4391369046875 0.465 0.4078869046875 0.45891891874999996 0.3900297625 0.45891891874999996 0.3587797625 0.465 0.3431547625 0.4720945953125 0.33422619062500003 0.48020270312499996 0.33422619062500003 0.48831081093749995 0.3297619046875 0.4903378375 0.3431547625 0.50858108125 0.3587797625 0.515675675 0.3900297625 0.5217567562500001 0.41235119062500003 0.5217567562500001
0 0.206994046875 0.5197297296875 0.2203869046875 0.515675675 0.2449404765625 0.5025000000000001 0.2449404765625 0.49641891875 0.2494047625 0.4943918921875 0.2449404765625 0.47817567499999997 0.2203869046875 0.465 0.2025297625 0.4609459453125 0.1891369046875 0.45891891874999996 0.1578869046875 0.4609459453125 0.14002976250000002 0.465 0.115476190625 0.47817567499999997 0.1110119046875 0.49641891875 0.12440476250000002 0.50858108125 0.15342261875000002 0.5197297296875 0.1668154765625 0.5197297296875 0.17127976250000002 0.5217567562500001 0.206994046875 0.5197297296875
0 0.21592261875 0.639324325 0.240476190625 0.6281756749999999 0.2494047625 0.618040540625 0.2494047625 0.6079054046875 0.2360119046875 0.593716215625 0.2203869046875 0.586621621875 0.2025297625 0.5825675671874999 0.1891369046875 0.5825675671874999 0.18467261875000002 0.580540540625 0.1578869046875 0.5825675671874999 0.14002976250000002 0.586621621875 0.12440476250000002 0.593716215625 0.115476190625 0.601824325 0.1110119046875 0.618040540625 0.1199404765625 0.6281756749999999 0.144494046875 0.639324325 0.1668154765625 0.643378378125 0.193601190625 0.643378378125 0.21592261875 0.639324325
0 0.193601190625 0.765 0.21592261875 0.7609459453125 0.2360119046875 0.7518243250000001 0.2449404765625 0.743716215625 0.2449404765625 0.7275 0.2360119046875 0.7193918921875 0.21592261875 0.7102702703125 0.1980654765625 0.706216215625 0.162351190625 0.706216215625 0.144494046875 0.7102702703125 0.12440476250000002 0.7193918921875 0.115476190625 0.7275 0.115476190625 0.743716215625 0.12440476250000002 0.7518243250000001 0.144494046875 0.7609459453125 0.1668154765625 0.765 0.193601190625 0.765
0 0.43467261874999996 0.639324325 0.45922619062500003 0.6281756749999999 0.46815476250000004 0.618040540625 0.4636904765625 0.599797296875 0.4391369046875 0.586621621875 0.42127976250000004 0.5825675671874999 0.40342261874999996 0.5825675671874999 0.39895833281250004 0.580540540625 0.394494046875 0.5825675671874999 0.3766369046875 0.5825675671874999 0.3587797625 0.586621621875 0.33422619062500003 0.601824325 0.3297619046875 0.6139864859374999 0.3431547625 0.6302027031249999 0.363244046875 0.639324325 0.3855654765625 0.643378378125 0.41235119062500003 0.643378378125 0.43467261874999996 0.639324325
0 0.43467261874999996 0.7609459453125 0.45922619062500003 0.749797296875 0.4636904765625 0.743716215625 0.4636904765625 0.7254729734375001 0.45029761874999996 0.7153378375 0.4302083328125 0.7082432437499999 0.4168154765625 0.706216215625 0.38110119062500003 0.706216215625 0.363244046875 0.7102702703125 0.3386904765625 0.7234459453125 0.33422619062500003 0.7295270265625 0.3386904765625 0.7477702703125 0.363244046875 0.7609459453125 0.38110119062500003 0.765 0.4168154765625 0.765 0.43467261874999996 0.7609459453125
0 0.6355654765625001 0.765 0.65342261875 0.7609459453125 0.6824404765625001 0.74574324375 0.6824404765625001 0.7254729734375001 0.66904761875 0.7153378375 0.6489583328124999 0.7082432437499999 0.6355654765625001 0.706216215625 0.599851190625 0.706216215625 0.581994046875 0.7102702703125 0.566369046875 0.717364865625 0.5574404765625001 0.7254729734375001 0.552976190625 0.7315540546875 0.5574404765625001 0.74574324375 0.566369046875 0.7538513515624999 0.59092261875 0.7629729734375 0.6043154765625001 0.765 0.6355654765625001 0.765
0 0.6355654765625001 0.643378378125 0.662351190625 0.637297296875 0.6824404765625001 0.6261486484375001 0.6869047625 0.6200675671875 0.6869047625 0.6038513515624999 0.677976190625 0.59574324375 0.65342261875 0.5845945953125 0.6266369046875 0.5825675671874999 0.62217261875 0.580540540625 0.5953869046875 0.5825675671874999 0.5775297625 0.586621621875 0.5574404765625001 0.5977702703125 0.552976190625 0.601824325 0.552976190625 0.6220945953125 0.5619047625 0.6302027031249999 0.581994046875 0.639324325 0.6043154765625001 0.643378378125 0.6355654765625001 0.643378378125
0 0.8543154765625 0.643378378125 0.881101190625 0.637297296875 0.896726190625 0.6302027031249999 0.9056547625 0.6220945953125 0.9056547625 0.601824325 0.87217261875 0.5845945953125 0.8587797625 0.5825675671874999 0.818601190625 0.5825675671874999 0.7918154765625001 0.5886486484375 0.7806547625 0.59574324375 0.771726190625 0.6038513515624999 0.771726190625 0.6200675671875 0.785119046875 0.6322297296875 0.80967261875 0.6413513515625 0.8230654765625 0.643378378125 0.8543154765625 0.643378378125
0 0.8230654765625 0.765 0.8587797625 0.765 0.881101190625 0.75891891875 0.9011904765625 0.74574324375 0.9056547625 0.7396621624999999 0.9011904765625 0.7254729734375001 0.8922619046875001 0.717364865625 0.8766369046875001 0.7102702703125 0.8587797625 0.706216215625 0.818601190625 0.706216215625 0.800744046875 0.7102702703125 0.7761904765625001 0.7234459453125 0.7761904765625001 0.7295270265625 0.771726190625 0.7315540546875 0.7761904765625001 0.74574324375 0.785119046875 0.7538513515624999 0.80967261875 0.7629729734375 0.8230654765625 0.765
0 0.881101190625 0.8582432437499999 0.894494046875 0.856216215625 0.910119046875 0.8450675671875001 0.9056547625 0.8389864859375 0.881101190625 0.8318918921874999 0.87217261875 0.8359459453125 0.8610119046875001 0.8369594593749999 0.8610119046875001 0.8410135140625 0.8520833328125 0.8450675671875001 0.8610119046875001 0.8491216218750001 0.8610119046875001 0.8531756749999999 0.87217261875 0.8541891890625 0.881101190625 0.8582432437499999
0 0.15342261875000002 0.8359459453125 0.14002976250000002 0.83391891875 0.1199404765625 0.8389864859375 0.115476190625 0.8470945953125 0.1266369046875 0.8541891890625 0.144494046875 0.856216215625 0.15565476250000002 0.8531756749999999 0.16458333281249998 0.8450675671875001 0.15342261875000002 0.8359459453125